Subset_Size	Run	Predicted_Matrix	TP	TN	FP	FN	TPR	FPR	Precision	F1	MCC	Method	VI	NMI	ARI	Modularity	Communities	Density	Transitivity	Time_in_Seconds	Time_in_Minutes	Time_in_Hours	n_matrices
1	1	late	296	150140	1622	1123	0.208597603946441	0.0106877874566756	0.154327424400417	0.177404854659874	0.170509820929833	GENIE3	4.51235273754029	0.250051720775313	0.034389222549243	0.510352516103713	0.241379310344828	0.648343904157858	0.141681850936025	NA	NA	NA	1
1	1	early	296	150140	1622	1123	0.208597603946441	0.0106877874566756	0.154327424400417	0.177404854659874	0.170509820929833	GENIE3	4.51235273754029	0.250051720775313	0.034389222549243	0.510352516103713	0.241379310344828	0.648343904157858	0.141681850936025	NA	NA	NA	1
1	1	late	324	149122	2640	1095	0.228329809725159	0.0173956589923696	0.109311740890688	0.147843942505133	0.146696913112915	GRNBoost2	4.59554052153141	0.212806032523303	0.0293975590958326	0.361683655118611	0.224137931034483	0	0.124393358717246	NA	NA	NA	1
1	1	early	324	149122	2640	1095	0.228329809725159	0.0173956589923696	0.109311740890688	0.147843942505133	0.146696913112915	GRNBoost2	4.59554052153141	0.212806032523303	0.0293975590958326	0.361683655118611	0.224137931034483	0	0.124393358717246	NA	NA	NA	1
1	2	late	299	150092	1670	1120	0.210711768851304	0.0110040721656278	0.151853732859319	0.176505312868949	0.169844518155421	GENIE3	4.45143705815567	0.280226385342541	0.0437891641854499	0.508098796690594	0.293103448275862	0.612403100775194	0.146110583167635	NA	NA	NA	1
1	2	early	299	150092	1670	1120	0.210711768851304	0.0110040721656278	0.151853732859319	0.176505312868949	0.169844518155421	GENIE3	4.45143705815567	0.280226385342541	0.0437891641854499	0.508098796690594	0.293103448275862	0.612403100775194	0.146110583167635	NA	NA	NA	1
1	2	late	312	149137	2625	1107	0.219873150105708	0.0172968200208221	0.106230847803882	0.143250688705234	0.141517737095991	GRNBoost2	4.4428264194863	0.220746202562315	0.0320411959906468	0.369744212958048	0.189655172413793	0	0.121347274000253	NA	NA	NA	1
1	2	early	312	149137	2625	1107	0.219873150105708	0.0172968200208221	0.106230847803882	0.143250688705234	0.141517737095991	GRNBoost2	4.4428264194863	0.220746202562315	0.0320411959906468	0.369744212958048	0.189655172413793	0	0.121347274000253	NA	NA	NA	1
1	3	late	301	150139	1623	1118	0.212121212121212	0.0106943767214454	0.156444906444906	0.180077774454083	0.173272552432689	GENIE3	4.47909021483974	0.237277892818662	0.0413013968768741	0.519371296273775	0.241379310344828	0.644115574348132	0.147379576498866	NA	NA	NA	1
1	3	early	301	150139	1623	1118	0.212121212121212	0.0106943767214454	0.156444906444906	0.180077774454083	0.173272552432689	GENIE3	4.47909021483974	0.237277892818662	0.0413013968768741	0.519371296273775	0.241379310344828	0.644115574348132	0.147379576498866	NA	NA	NA	1
1	3	late	302	149181	2581	1117	0.212825933756166	0.0170068923709492	0.104751994450225	0.140399814039981	0.138047554197741	GRNBoost2	4.635116199657	0.174624765193239	0.022071488432388	0.376673760771132	0.155172413793103	0	0.112842121894927	NA	NA	NA	1
1	3	early	302	149181	2581	1117	0.212825933756166	0.0170068923709492	0.104751994450225	0.140399814039981	0.138047554197741	GRNBoost2	4.635116199657	0.174624765193239	0.022071488432388	0.376673760771132	0.155172413793103	0	0.112842121894927	NA	NA	NA	1
1	4	late	310	150076	1686	1109	0.2184637068358	0.0111095004019452	0.155310621242485	0.181551976573939	0.175166457780813	GENIE3	4.51836919113327	0.218596225103322	0.033659302038825	0.514872629191286	0.189655172413793	0.593375616631431	0.1503289261231	NA	NA	NA	1
1	4	early	310	150076	1686	1109	0.2184637068358	0.0111095004019452	0.155310621242485	0.181551976573939	0.175166457780813	GENIE3	4.51836919113327	0.218596225103322	0.033659302038825	0.514872629191286	0.189655172413793	0.593375616631431	0.1503289261231	NA	NA	NA	1
1	4	late	321	149126	2636	1098	0.226215644820296	0.0173693019332903	0.108555968887386	0.146709323583181	0.145413346731956	GRNBoost2	4.44280041197343	0.213806078464413	0.0379734882893376	0.382021519437669	0.189655172413793	0	0.12612290681153	NA	NA	NA	1
1	4	early	321	149126	2636	1098	0.226215644820296	0.0173693019332903	0.108555968887386	0.146709323583181	0.145413346731956	GRNBoost2	4.44280041197343	0.213806078464413	0.0379734882893376	0.382021519437669	0.189655172413793	0	0.12612290681153	NA	NA	NA	1
1	5	late	303	150112	1650	1116	0.213530655391121	0.010872286870231	0.155145929339478	0.179715302491103	0.173049374762909	GENIE3	4.43977903407064	0.266451663892004	0.0410702445211628	0.514499567772065	0.258620689655172	0.623678646934461	0.147624980770573	NA	NA	NA	1
1	5	early	303	150112	1650	1116	0.213530655391121	0.010872286870231	0.155145929339478	0.179715302491103	0.173049374762909	GENIE3	4.43977903407064	0.266451663892004	0.0410702445211628	0.514499567772065	0.258620689655172	0.623678646934461	0.147624980770573	NA	NA	NA	1
1	5	late	314	149148	2614	1105	0.221282593375617	0.0172243381083539	0.10724043715847	0.144467448815275	0.142767638247479	GRNBoost2	4.57962868916659	0.225930353048374	0.0303489627440579	0.377662508309154	0.241379310344828	0	0.118034864104321	NA	NA	NA	1
1	5	early	314	149148	2614	1105	0.221282593375617	0.0172243381083539	0.10724043715847	0.144467448815275	0.142767638247479	GRNBoost2	4.57962868916659	0.225930353048374	0.0303489627440579	0.377662508309154	0.241379310344828	0	0.118034864104321	NA	NA	NA	1
1	6	late	299	150090	1672	1120	0.210711768851304	0.0110172506951674	0.15169964485033	0.176401179941003	0.169748244925498	GENIE3	4.47334912483772	0.251409913062324	0.0442310076760639	0.511365002269742	0.258620689655172	0.610993657505285	0.149008662943619	NA	NA	NA	1
1	6	early	299	150090	1672	1120	0.210711768851304	0.0110172506951674	0.15169964485033	0.176401179941003	0.169748244925498	GENIE3	4.47334912483772	0.251409913062324	0.0442310076760639	0.511365002269742	0.258620689655172	0.610993657505285	0.149008662943619	NA	NA	NA	1
1	6	late	318	149145	2617	1101	0.224101479915433	0.0172441059026634	0.108347529812606	0.146072576940744	0.144556696011825	GRNBoost2	4.47694911808981	0.219838202217284	0.0334815379504435	0.379186803666063	0.206896551724138	0	0.124398712878881	NA	NA	NA	1
1	6	early	318	149145	2617	1101	0.224101479915433	0.0172441059026634	0.108347529812606	0.146072576940744	0.144556696011825	GRNBoost2	4.47694911808981	0.219838202217284	0.0334815379504435	0.379186803666063	0.206896551724138	0	0.124398712878881	NA	NA	NA	1
1	7	late	303	150066	1696	1116	0.213530655391121	0.0111753930496435	0.151575787893947	0.177296664716208	0.170816878383998	GENIE3	4.47127483395239	0.251628072131604	0.0389403887237604	0.511500509369614	0.258620689655172	0.591261451726568	0.144023468962045	NA	NA	NA	1
1	7	early	303	150066	1696	1116	0.213530655391121	0.0111753930496435	0.151575787893947	0.177296664716208	0.170816878383998	GENIE3	4.47127483395239	0.251628072131604	0.0389403887237604	0.511500509369614	0.258620689655172	0.591261451726568	0.144023468962045	NA	NA	NA	1
1	7	late	311	149359	2403	1108	0.219168428470754	0.0158340032419183	0.114591009579956	0.15049600774256	0.14765837276836	GRNBoost2	4.46958828160889	0.242867268022504	0.0358321515641851	0.381137076251969	0.241379310344828	0.0873854827343198	0.118140128327068	NA	NA	NA	1
1	7	early	311	149359	2403	1108	0.219168428470754	0.0158340032419183	0.114591009579956	0.15049600774256	0.14765837276836	GRNBoost2	4.46958828160889	0.242867268022504	0.0358321515641851	0.381137076251969	0.241379310344828	0.0873854827343198	0.118140128327068	NA	NA	NA	1
1	8	late	300	150106	1656	1119	0.211416490486258	0.01091182245885	0.153374233128834	0.177777777777778	0.171080686623571	GENIE3	4.40541798259275	0.274599457112905	0.0524531824394893	0.506151536214158	0.280701754385965	0.621564482029598	0.140743400894874	NA	NA	NA	1
1	8	early	300	150106	1656	1119	0.211416490486258	0.01091182245885	0.153374233128834	0.177777777777778	0.171080686623571	GENIE3	4.40541798259275	0.274599457112905	0.0524531824394893	0.506151536214158	0.280701754385965	0.621564482029598	0.140743400894874	NA	NA	NA	1
1	8	late	309	149158	2604	1110	0.217758985200846	0.0171584454606555	0.106076210092688	0.142659279778393	0.140702339996727	GRNBoost2	4.43918840687662	0.219036899870135	0.0419585674603628	0.368538552714773	0.228070175438597	0	0.125466317871349	NA	NA	NA	1
1	8	early	309	149158	2604	1110	0.217758985200846	0.0171584454606555	0.106076210092688	0.142659279778393	0.140702339996727	GRNBoost2	4.43918840687662	0.219036899870135	0.0419585674603628	0.368538552714773	0.228070175438597	0	0.125466317871349	NA	NA	NA	1
1	9	late	306	150075	1687	1113	0.215644820295983	0.011116089666715	0.153537380832915	0.17936694021102	0.172907858109606	GENIE3	4.37421325939852	0.260480989268714	0.0470813423334508	0.508800705971	0.224137931034483	0.595489781536293	0.148474121965671	NA	NA	NA	1
1	9	early	306	150075	1687	1113	0.215644820295983	0.011116089666715	0.153537380832915	0.17936694021102	0.172907858109606	GENIE3	4.37421325939852	0.260480989268714	0.0470813423334508	0.508800705971	0.224137931034483	0.595489781536293	0.148474121965671	NA	NA	NA	1
1	9	late	320	149097	2665	1099	0.225510923185342	0.0175603906116156	0.107202680067002	0.145322434150772	0.144122372991619	GRNBoost2	4.52042354112178	0.232217593709354	0.035024248181361	0.37214785488906	0.224137931034483	0	0.128425553329148	NA	NA	NA	1
1	9	early	320	149097	2665	1099	0.225510923185342	0.0175603906116156	0.107202680067002	0.145322434150772	0.144122372991619	GRNBoost2	4.52042354112178	0.232217593709354	0.035024248181361	0.37214785488906	0.224137931034483	0	0.128425553329148	NA	NA	NA	1
1	10	late	304	150044	1718	1115	0.214235377026075	0.0113203568745799	0.150346191889219	0.176692821854112	0.170325366919269	GENIE3	4.5059799525832	0.249876834273441	0.0385827377859912	0.500632925306284	0.241379310344828	0.575052854122622	0.144693972781694	NA	NA	NA	1
1	10	early	304	150044	1718	1115	0.214235377026075	0.0113203568745799	0.150346191889219	0.176692821854112	0.170325366919269	GENIE3	4.5059799525832	0.249876834273441	0.0385827377859912	0.500632925306284	0.241379310344828	0.575052854122622	0.144693972781694	NA	NA	NA	1
1	10	late	303	149159	2603	1116	0.213530655391121	0.0171518561958857	0.104267033723331	0.140115606936416	0.137903771947154	GRNBoost2	4.59200750330558	0.210078717623252	0.0193286364215847	0.365144879846565	0.224137931034483	0	0.11785365360386	NA	NA	NA	1
1	10	early	303	149159	2603	1116	0.213530655391121	0.0171518561958857	0.104267033723331	0.140115606936416	0.137903771947154	GRNBoost2	4.59200750330558	0.210078717623252	0.0193286364215847	0.365144879846565	0.224137931034483	0	0.11785365360386	NA	NA	NA	1
2	1	vote	65	151741	21	1354	0.0458069062720226	0.000138374560166577	0.755813953488372	0.0863787375415282	0.184697083653013	GENIE3	NA	NA	NA	NA	NA	NA	NA	NA	NA	NA	2
2	1	union	473	148447	3315	946	0.333333333333333	0.0218434127120096	0.124868004223865	0.181678509698483	0.192152751209327	GENIE3	NA	NA	NA	NA	NA	NA	NA	NA	NA	NA	2
2	1	inet	473	148447	3315	946	0.333333333333333	0.0218434127120096	0.124868004223865	0.181678509698483	0.192152751209327	GENIE3	NA	NA	NA	NA	NA	NA	NA	NA	NA	NA	2
2	1	early	515	150032	1730	904	0.362931642001409	0.011399428051818	0.229398663697105	0.281113537117904	0.280242021351415	GENIE3	NA	NA	NA	NA	NA	NA	NA	NA	NA	NA	2
2	1	vote	68	151711	51	1351	0.0479210711768851	0.000336052503261686	0.571428571428571	0.0884265279583875	0.163619774528094	GRNBoost2	NA	NA	NA	NA	NA	NA	NA	NA	NA	NA	2
2	1	union	482	146960	4802	937	0.339675828047921	0.0316416494247572	0.091218773656321	0.143816201700731	0.161700193215829	GRNBoost2	NA	NA	NA	NA	NA	NA	NA	NA	NA	NA	2
2	1	inet	444	147922	3840	975	0.312896405919662	0.025302776716174	0.103641456582633	0.155707522356654	0.167103010745062	GRNBoost2	NA	NA	NA	NA	NA	NA	NA	NA	NA	NA	2
2	1	early	561	148646	3116	858	0.395348837209302	0.020532149022812	0.152570029915692	0.220172684458399	0.234594818826926	GRNBoost2	NA	NA	NA	NA	NA	NA	NA	NA	NA	NA	2
2	1	vote	356	151343	419	1063	0.250880902043693	0.0027609019385617	0.459354838709677	0.324521422060164	0.335029159149824	JRF	NA	NA	NA	NA	NA	NA	NA	NA	NA	NA	2
2	1	union	563	149417	2345	856	0.396758280479211	0.0154518258852677	0.193603851444292	0.260226484862491	0.267675853339008	JRF	NA	NA	NA	NA	NA	NA	NA	NA	NA	NA	2
2	1	inet	402	151177	585	1017	0.283298097251586	0.00385471989035463	0.407294832826748	0.334164588528678	0.334587103966788	JRF	NA	NA	NA	NA	NA	NA	NA	NA	NA	NA	2
2	2	vote	55	151742	20	1364	0.0387596899224806	0.00013178529539674	0.733333333333333	0.0736278447121821	0.167281198719551	GENIE3	NA	NA	NA	NA	NA	NA	NA	NA	NA	NA	2
2	2	union	464	148511	3251	955	0.326990838618746	0.02142169976674	0.124899057873486	0.180755746007012	0.190296847416655	GENIE3	NA	NA	NA	NA	NA	NA	NA	NA	NA	NA	2
2	2	inet	464	148511	3251	955	0.326990838618746	0.02142169976674	0.124899057873486	0.180755746007012	0.190296847416655	GENIE3	NA	NA	NA	NA	NA	NA	NA	NA	NA	NA	2
2	2	early	512	150043	1719	907	0.360817477096547	0.0113269461393498	0.229493500672344	0.280547945205479	0.279474242748672	GENIE3	NA	NA	NA	NA	NA	NA	NA	NA	NA	NA	2
2	2	vote	72	151714	48	1347	0.0507399577167019	0.000316284708952175	0.6	0.0935672514619883	0.17265704347602	GRNBoost2	NA	NA	NA	NA	NA	NA	NA	NA	NA	NA	2
2	2	union	516	146774	4988	903	0.363636363636364	0.0328672526719469	0.09375	0.149068322981366	0.170255841327849	GRNBoost2	NA	NA	NA	NA	NA	NA	NA	NA	NA	NA	2
2	2	inet	415	148552	3210	1004	0.29245947850599	0.0211515399111767	0.11448275862069	0.164551942902458	0.17099337880135	GRNBoost2	NA	NA	NA	NA	NA	NA	NA	NA	NA	NA	2
2	2	early	562	148598	3164	857	0.396053558844257	0.0208484337317642	0.150831991411702	0.21846452866861	0.233326910543256	GRNBoost2	NA	NA	NA	NA	NA	NA	NA	NA	NA	NA	2
2	2	vote	354	151318	444	1065	0.249471458773784	0.00292563355780762	0.443609022556391	0.319350473612991	0.32809579624256	JRF	NA	NA	NA	NA	NA	NA	NA	NA	NA	NA	2
2	2	union	571	149354	2408	848	0.402396053558844	0.0158669495657675	0.191675058744545	0.259663483401546	0.268152474527315	JRF	NA	NA	NA	NA	NA	NA	NA	NA	NA	NA	2
2	2	inet	400	151123	639	1019	0.281888653981677	0.00421054018792583	0.384985563041386	0.32546786004882	0.324102241537358	JRF	NA	NA	NA	NA	NA	NA	NA	NA	NA	NA	2
2	3	vote	64	151743	19	1355	0.0451021846370684	0.000125196030626903	0.771084337349398	0.085219707057257	0.185156638581696	GENIE3	NA	NA	NA	NA	NA	NA	NA	NA	NA	NA	2
2	3	union	476	148409	3353	943	0.335447498238196	0.0220938047732634	0.124314442413163	0.18140243902439	0.192291165561911	GENIE3	NA	NA	NA	NA	NA	NA	NA	NA	NA	NA	2
2	3	inet	476	148409	3353	943	0.335447498238196	0.0220938047732634	0.124314442413163	0.18140243902439	0.192291165561911	GENIE3	NA	NA	NA	NA	NA	NA	NA	NA	NA	NA	2
2	3	early	520	150054	1708	899	0.36645525017618	0.0112544642268816	0.233393177737882	0.285165889772416	0.284228857223912	GENIE3	NA	NA	NA	NA	NA	NA	NA	NA	NA	NA	2
2	3	vote	60	151725	37	1359	0.0422832980972516	0.000243802796483968	0.618556701030928	0.079155672823219	0.160095617642197	GRNBoost2	NA	NA	NA	NA	NA	NA	NA	NA	NA	NA	2
2	3	union	465	147081	4681	954	0.3276955602537	0.0308443483876069	0.0903614457831325	0.141660319878142	0.157831778257154	GRNBoost2	NA	NA	NA	NA	NA	NA	NA	NA	NA	NA	2
2	3	inet	438	147595	4167	981	0.308668076109937	0.0274574662959107	0.095114006514658	0.145418326693227	0.157766674856274	GRNBoost2	NA	NA	NA	NA	NA	NA	NA	NA	NA	NA	2
2	3	early	548	148721	3041	871	0.386187455954898	0.0200379541650743	0.152688771245472	0.218849840255591	0.231894395418732	GRNBoost2	NA	NA	NA	NA	NA	NA	NA	NA	NA	NA	2
2	3	vote	356	151340	422	1063	0.250880902043693	0.00278066973287121	0.457583547557841	0.32407828857533	0.334359242605005	JRF	NA	NA	NA	NA	NA	NA	NA	NA	NA	NA	2
2	3	union	556	149401	2361	863	0.391825229034531	0.0155572541215851	0.19060678779568	0.256457564575646	0.263738958653565	JRF	NA	NA	NA	NA	NA	NA	NA	NA	NA	NA	2
2	3	inet	411	151157	605	1008	0.289640591966173	0.00398650518575137	0.404527559055118	0.337577002053388	0.33713894310035	JRF	NA	NA	NA	NA	NA	NA	NA	NA	NA	NA	2
2	4	vote	56	151746	16	1363	0.0394644115574348	0.000105428236317392	0.777777777777778	0.0751173708920188	0.173960233460842	GENIE3	NA	NA	NA	NA	NA	NA	NA	NA	NA	NA	2
2	4	union	469	148521	3241	950	0.330514446793517	0.0213558071190417	0.126415094339623	0.182881653343732	0.192658724727993	GENIE3	NA	NA	NA	NA	NA	NA	NA	NA	NA	NA	2
2	4	inet	469	148521	3241	950	0.330514446793517	0.0213558071190417	0.126415094339623	0.182881653343732	0.192658724727993	GENIE3	NA	NA	NA	NA	NA	NA	NA	NA	NA	NA	2
2	4	early	515	150064	1698	904	0.362931642001409	0.0111885715791832	0.232715770447357	0.283590308370044	0.282400272135413	GENIE3	NA	NA	NA	NA	NA	NA	NA	NA	NA	NA	2
2	4	vote	69	151713	49	1350	0.0486257928118393	0.000322873973722012	0.584745762711864	0.0897852960312297	0.166789988653285	GRNBoost2	NA	NA	NA	NA	NA	NA	NA	NA	NA	NA	2
2	4	union	479	146954	4808	940	0.337561663143058	0.0316811850133762	0.0905995838850009	0.142857142857143	0.160525690216538	GRNBoost2	NA	NA	NA	NA	NA	NA	NA	NA	NA	NA	2
2	4	inet	384	148694	3068	1035	0.27061310782241	0.0202158643138599	0.111239860950174	0.157667830014371	0.161626997956161	GRNBoost2	NA	NA	NA	NA	NA	NA	NA	NA	NA	NA	2
2	4	early	570	148545	3217	849	0.40169133192389	0.0211976647645656	0.150514919461315	0.218978102189781	0.234750172947388	GRNBoost2	NA	NA	NA	NA	NA	NA	NA	NA	NA	NA	2
2	4	vote	359	151333	429	1060	0.252995066948555	0.00282679458626006	0.455583756345178	0.325328500226552	0.335011202458777	JRF	NA	NA	NA	NA	NA	NA	NA	NA	NA	NA	2
2	4	union	560	149427	2335	859	0.394644115574348	0.0153859332375694	0.193436960276339	0.259619842373667	0.266823533333938	JRF	NA	NA	NA	NA	NA	NA	NA	NA	NA	NA	2
2	4	inet	404	151181	581	1015	0.284707540521494	0.00382836283127529	0.410152284263959	0.336106489184692	0.336645279332868	JRF	NA	NA	NA	NA	NA	NA	NA	NA	NA	NA	2
2	5	vote	66	151742	20	1353	0.0465116279069767	0.00013178529539674	0.767441860465116	0.0877076411960133	0.187573835845935	GENIE3	NA	NA	NA	NA	NA	NA	NA	NA	NA	NA	2
2	5	union	478	148488	3274	941	0.336856941508104	0.0215732528564463	0.127398720682303	0.184877199767937	0.195400360833131	GENIE3	NA	NA	NA	NA	NA	NA	NA	NA	NA	NA	2
2	5	inet	478	148488	3274	941	0.336856941508104	0.0215732528564463	0.127398720682303	0.184877199767937	0.195400360833131	GENIE3	NA	NA	NA	NA	NA	NA	NA	NA	NA	NA	2
2	5	early	515	150074	1688	904	0.362931642001409	0.0111226789314848	0.233772128915116	0.284373274434014	0.283084138205933	GENIE3	NA	NA	NA	NA	NA	NA	NA	NA	NA	NA	2
2	5	vote	64	151718	44	1355	0.0451021846370684	0.000289927649872827	0.592592592592593	0.0838244924688933	0.161736619514561	GRNBoost2	NA	NA	NA	NA	NA	NA	NA	NA	NA	NA	2
2	5	union	482	146962	4800	937	0.339675828047921	0.0316284708952175	0.0912533131389625	0.143859125503656	0.161736629464825	GRNBoost2	NA	NA	NA	NA	NA	NA	NA	NA	NA	NA	2
2	5	inet	470	147215	4547	949	0.331219168428471	0.0299613869084488	0.093681482957943	0.146053449347421	0.162150239457207	GRNBoost2	NA	NA	NA	NA	NA	NA	NA	NA	NA	NA	2
2	5	early	553	148552	3210	866	0.389711064129669	0.0211515399111767	0.146957214988041	0.213431107680432	0.228092911249542	GRNBoost2	NA	NA	NA	NA	NA	NA	NA	NA	NA	NA	2
2	5	vote	354	151337	425	1065	0.249471458773784	0.00280043752718072	0.454428754813864	0.322111010009099	0.332220775906365	JRF	NA	NA	NA	NA	NA	NA	NA	NA	NA	NA	2
2	5	union	558	149423	2339	861	0.39323467230444	0.0154122902966487	0.19261304798067	0.258572752548656	0.265723387067331	JRF	NA	NA	NA	NA	NA	NA	NA	NA	NA	NA	2
2	5	inet	408	151106	656	1011	0.287526427061311	0.00432255768901306	0.383458646616541	0.328634716069271	0.326672225509761	JRF	NA	NA	NA	NA	NA	NA	NA	NA	NA	NA	2
2	6	vote	65	151740	22	1354	0.0458069062720226	0.000144963824936414	0.747126436781609	0.0863213811420983	0.183606642588392	GENIE3	NA	NA	NA	NA	NA	NA	NA	NA	NA	NA	2
2	6	union	462	148420	3342	957	0.325581395348837	0.0220213228607952	0.121451104100946	0.176909821941413	0.186876738355602	GENIE3	NA	NA	NA	NA	NA	NA	NA	NA	NA	NA	2
2	6	inet	462	148420	3342	957	0.325581395348837	0.0220213228607952	0.121451104100946	0.176909821941413	0.186876738355602	GENIE3	NA	NA	NA	NA	NA	NA	NA	NA	NA	NA	2
2	6	early	508	150051	1711	911	0.35799859055673	0.0112742320211911	0.228931951329428	0.279274326553051	0.277999874694531	GENIE3	NA	NA	NA	NA	NA	NA	NA	NA	NA	NA	2
2	6	vote	63	151708	54	1356	0.0443974630021142	0.000355820297571197	0.538461538461538	0.08203125	0.152723816220769	GRNBoost2	NA	NA	NA	NA	NA	NA	NA	NA	NA	NA	2
2	6	union	472	146994	4768	947	0.332628611698379	0.0314176144225827	0.0900763358778626	0.141763027481604	0.158757270639201	GRNBoost2	NA	NA	NA	NA	NA	NA	NA	NA	NA	NA	2
2	6	inet	423	148058	3704	996	0.298097251585624	0.0244066367074762	0.102495759631694	0.152542372881356	0.161936061183701	GRNBoost2	NA	NA	NA	NA	NA	NA	NA	NA	NA	NA	2
2	6	early	565	148650	3112	854	0.398167723749119	0.0205057919637327	0.15365787326625	0.221742543171115	0.236375634429964	GRNBoost2	NA	NA	NA	NA	NA	NA	NA	NA	NA	NA	2
2	6	vote	359	151326	436	1060	0.252995066948555	0.00287291943964892	0.451572327044025	0.324299909665763	0.33347921320514	JRF	NA	NA	NA	NA	NA	NA	NA	NA	NA	NA	2
2	6	union	551	149387	2375	868	0.38830162085976	0.0156495038283628	0.188311688311688	0.253624856156502	0.260810267069479	JRF	NA	NA	NA	NA	NA	NA	NA	NA	NA	NA	2
2	6	inet	406	151116	646	1013	0.286116983791402	0.00425666504131469	0.385931558935361	0.328611898016997	0.326958612671239	JRF	NA	NA	NA	NA	NA	NA	NA	NA	NA	NA	2
2	7	vote	68	151738	24	1351	0.0479210711768851	0.000158142354476088	0.739130434782609	0.0900066181336863	0.186765975896797	GENIE3	NA	NA	NA	NA	NA	NA	NA	NA	NA	NA	2
2	7	union	475	148414	3348	944	0.334742776603242	0.0220608584494142	0.124247972796233	0.181228538725677	0.192025582896954	GENIE3	NA	NA	NA	NA	NA	NA	NA	NA	NA	NA	2
2	7	inet	475	148414	3348	944	0.334742776603242	0.0220608584494142	0.124247972796233	0.181228538725677	0.192025582896954	GENIE3	NA	NA	NA	NA	NA	NA	NA	NA	NA	NA	2
2	7	early	518	150042	1720	901	0.365045806906272	0.0113335354041196	0.231456657730116	0.283292316106098	0.28241406100807	GENIE3	NA	NA	NA	NA	NA	NA	NA	NA	NA	NA	2
2	7	vote	58	151716	46	1361	0.0408738548273432	0.000303106179412501	0.557692307692308	0.0761654629021668	0.149215555248643	GRNBoost2	NA	NA	NA	NA	NA	NA	NA	NA	NA	NA	2
2	7	union	491	146962	4800	928	0.346018322762509	0.0316284708952175	0.0927990927990928	0.146348733233979	0.164931250662078	GRNBoost2	NA	NA	NA	NA	NA	NA	NA	NA	NA	NA	2
2	7	inet	411	148411	3351	1008	0.289640591966173	0.0220806262437237	0.109250398724083	0.15865662999421	0.165608087433799	GRNBoost2	NA	NA	NA	NA	NA	NA	NA	NA	NA	NA	2
2	7	early	561	148506	3256	858	0.395348837209302	0.0214546460905892	0.146974063400576	0.214285714285714	0.229793314055038	GRNBoost2	NA	NA	NA	NA	NA	NA	NA	NA	NA	NA	2
2	7	vote	359	151304	458	1060	0.252995066948555	0.00301788326458534	0.439412484700122	0.321109123434705	0.328791724564869	JRF	NA	NA	NA	NA	NA	NA	NA	NA	NA	NA	2
2	7	union	572	149359	2403	847	0.403100775193798	0.0158340032419183	0.192268907563025	0.260355029585799	0.268841201914491	JRF	NA	NA	NA	NA	NA	NA	NA	NA	NA	NA	2
2	7	inet	414	151102	660	1005	0.291754756871036	0.00434891474809241	0.385474860335196	0.332129963898917	0.329983001927605	JRF	NA	NA	NA	NA	NA	NA	NA	NA	NA	NA	2
2	8	vote	59	151747	15	1360	0.0415785764622974	9.88389715475547e-05	0.797297297297297	0.0790354989953115	0.180840348073197	GENIE3	NA	NA	NA	NA	NA	NA	NA	NA	NA	NA	2
2	8	union	460	148448	3314	959	0.324171952078929	0.0218368234472398	0.121886592474828	0.177161563643366	0.186842172743806	GENIE3	NA	NA	NA	NA	NA	NA	NA	NA	NA	NA	2
2	8	inet	460	148448	3314	959	0.324171952078929	0.0218368234472398	0.121886592474828	0.177161563643366	0.186842172743806	GENIE3	NA	NA	NA	NA	NA	NA	NA	NA	NA	NA	2
2	8	early	514	150038	1724	905	0.362226920366455	0.011359892463199	0.229669347631814	0.281104730653541	0.280142336603629	GENIE3	NA	NA	NA	NA	NA	NA	NA	NA	NA	NA	2
2	8	vote	61	151710	52	1358	0.0429880197322058	0.000342641768031523	0.539823008849557	0.0796344647519582	0.15047462187623	GRNBoost2	NA	NA	NA	NA	NA	NA	NA	NA	NA	NA	2
2	8	union	466	147120	4642	953	0.328400281888654	0.0305873670615833	0.091229444009397	0.142791481538226	0.15891059860882	GRNBoost2	NA	NA	NA	NA	NA	NA	NA	NA	NA	NA	2
2	8	inet	455	147306	4456	964	0.320648343904158	0.0293617638143936	0.092649154958257	0.143759873617694	0.158409631670922	GRNBoost2	NA	NA	NA	NA	NA	NA	NA	NA	NA	NA	2
2	8	early	546	148635	3127	873	0.384778012684989	0.0206046309352802	0.148652327797441	0.214454045561665	0.228054285282342	GRNBoost2	NA	NA	NA	NA	NA	NA	NA	NA	NA	NA	2
2	8	vote	361	151324	438	1058	0.254404510218464	0.0028860979691886	0.451814768460576	0.325518485121731	0.33450474051024	JRF	NA	NA	NA	NA	NA	NA	NA	NA	NA	NA	2
2	8	union	560	149386	2376	859	0.394644115574348	0.0156560930931327	0.190735694822888	0.257175660160735	0.264801330863504	JRF	NA	NA	NA	NA	NA	NA	NA	NA	NA	NA	2
2	8	inet	410	151080	682	1009	0.288935870331219	0.00449387857302882	0.375457875457875	0.326563122262047	0.323896464923765	JRF	NA	NA	NA	NA	NA	NA	NA	NA	NA	NA	2
2	9	vote	62	151743	19	1357	0.04369274136716	0.000125196030626903	0.765432098765432	0.0826666666666667	0.181553951357064	GENIE3	NA	NA	NA	NA	NA	NA	NA	NA	NA	NA	2
2	9	union	476	148472	3290	943	0.335447498238196	0.0216786810927637	0.12639405204461	0.183606557377049	0.194108807467625	GENIE3	NA	NA	NA	NA	NA	NA	NA	NA	NA	NA	2
2	9	inet	476	148472	3290	943	0.335447498238196	0.0216786810927637	0.12639405204461	0.183606557377049	0.194108807467625	GENIE3	NA	NA	NA	NA	NA	NA	NA	NA	NA	NA	2
2	9	early	503	150047	1715	916	0.354474982381959	0.0113005890802704	0.22678088367899	0.276601594720924	0.275214659492839	GENIE3	NA	NA	NA	NA	NA	NA	NA	NA	NA	NA	2
2	9	vote	80	151701	61	1339	0.0563777307963354	0.000401945150960056	0.567375886524823	0.102564102564103	0.176832009138588	GRNBoost2	NA	NA	NA	NA	NA	NA	NA	NA	NA	NA	2
2	9	union	487	146796	4966	932	0.343199436222692	0.0327222888470105	0.0893086374472767	0.141734575087311	0.160528888969753	GRNBoost2	NA	NA	NA	NA	NA	NA	NA	NA	NA	NA	2
2	9	inet	407	148439	3323	1012	0.286821705426357	0.0218961268301683	0.10911528150134	0.158088949310546	0.164661770700019	GRNBoost2	NA	NA	NA	NA	NA	NA	NA	NA	NA	NA	2
2	9	early	564	148581	3181	855	0.397463002114165	0.0209604512328514	0.150600801068091	0.218435321456236	0.233553894357383	GRNBoost2	NA	NA	NA	NA	NA	NA	NA	NA	NA	NA	2
2	9	vote	353	151336	426	1066	0.24876673713883	0.00280702679195055	0.453145057766367	0.321201091901729	0.331262770147024	JRF	NA	NA	NA	NA	NA	NA	NA	NA	NA	NA	2
2	9	union	561	149411	2351	858	0.395348837209302	0.0154913614738867	0.192651098901099	0.259062572154237	0.266479014027547	JRF	NA	NA	NA	NA	NA	NA	NA	NA	NA	NA	2
2	9	inet	394	151170	592	1025	0.277660324171952	0.00390084474374349	0.399594320486815	0.327650727650728	0.327946677080367	JRF	NA	NA	NA	NA	NA	NA	NA	NA	NA	NA	2
2	10	vote	67	151744	18	1352	0.0472163495419309	0.000118606765857066	0.788235294117647	0.0890957446808511	0.191593789370355	GENIE3	NA	NA	NA	NA	NA	NA	NA	NA	NA	NA	2
2	10	union	487	148415	3347	932	0.343199436222692	0.0220542691846444	0.127021387584768	0.185417856462974	0.196947196523392	GENIE3	NA	NA	NA	NA	NA	NA	NA	NA	NA	NA	2
2	10	inet	487	148415	3347	932	0.343199436222692	0.0220542691846444	0.127021387584768	0.185417856462974	0.196947196523392	GENIE3	NA	NA	NA	NA	NA	NA	NA	NA	NA	NA	2
2	10	early	519	150018	1744	900	0.365750528541226	0.0114916777585957	0.229341581970835	0.281912004345464	0.281307058956765	GENIE3	NA	NA	NA	NA	NA	NA	NA	NA	NA	NA	2
2	10	vote	70	151716	46	1349	0.0493305144467935	0.000303106179412501	0.603448275862069	0.0912052117263844	0.170743709162763	GRNBoost2	NA	NA	NA	NA	NA	NA	NA	NA	NA	NA	2
2	10	union	464	147211	4551	955	0.326990838618746	0.0299877439675281	0.0925224327018943	0.144233758159776	0.159890973211284	GRNBoost2	NA	NA	NA	NA	NA	NA	NA	NA	NA	NA	2
2	10	inet	437	147728	4034	982	0.307963354474982	0.0265810940815224	0.0977409975397003	0.148387096774194	0.160138962576085	GRNBoost2	NA	NA	NA	NA	NA	NA	NA	NA	NA	NA	2
2	10	early	579	148512	3250	840	0.408033826638478	0.0214151105019702	0.151214416296683	0.220655487804878	0.237250637552349	GRNBoost2	NA	NA	NA	NA	NA	NA	NA	NA	NA	NA	2
2	10	vote	362	151323	439	1057	0.255109231853418	0.00289268723395843	0.451935081148564	0.326126126126126	0.335016384375118	JRF	NA	NA	NA	NA	NA	NA	NA	NA	NA	NA	2
2	10	union	560	149383	2379	859	0.394644115574348	0.0156758608874422	0.190541000340252	0.256998623221661	0.264654985084108	JRF	NA	NA	NA	NA	NA	NA	NA	NA	NA	NA	2
2	10	inet	415	151126	636	1004	0.29245947850599	0.00419077239361632	0.394862036156042	0.336032388663968	0.334550302194649	JRF	NA	NA	NA	NA	NA	NA	NA	NA	NA	NA	2
3	1	vote	115	151710	52	1304	0.0810429880197322	0.000342641768031523	0.688622754491018	0.145018915510719	0.234274110018231	GENIE3	NA	NA	NA	NA	NA	NA	NA	NA	NA	NA	3
3	1	union	559	146942	4820	860	0.393939393939394	0.0317602561906143	0.103922662204871	0.164460135333922	0.18849733795591	GENIE3	NA	NA	NA	NA	NA	NA	NA	NA	NA	NA	3
3	1	inet	559	146942	4820	860	0.393939393939394	0.0317602561906143	0.103922662204871	0.164460135333922	0.18849733795591	GENIE3	NA	NA	NA	NA	NA	NA	NA	NA	NA	NA	3
3	1	early	606	149962	1800	813	0.427061310782241	0.0118606765857066	0.251870324189526	0.316862745098039	0.319902951126011	GENIE3	NA	NA	NA	NA	NA	NA	NA	NA	NA	NA	3
3	1	vote	123	151626	136	1296	0.0866807610993657	0.000896140008697829	0.474903474903475	0.146603098927294	0.200030992126273	GRNBoost2	NA	NA	NA	NA	NA	NA	NA	NA	NA	NA	3
3	1	union	581	144881	6881	838	0.409443269908386	0.0453407308812483	0.0778611632270169	0.130841121495327	0.162035701013764	GRNBoost2	NA	NA	NA	NA	NA	NA	NA	NA	NA	NA	3
3	1	inet	501	147623	4139	918	0.353065539112051	0.0272729668823553	0.107974137931034	0.165373824063377	0.182109136459649	GRNBoost2	NA	NA	NA	NA	NA	NA	NA	NA	NA	NA	3
3	1	early	650	148387	3375	769	0.458069062720226	0.0222387685981998	0.161490683229814	0.238795003673769	0.261027837998496	GRNBoost2	NA	NA	NA	NA	NA	NA	NA	NA	NA	NA	3
3	1	vote	449	151071	691	970	0.316420014094433	0.00455318195595735	0.393859649122807	0.350918327471669	0.347623495976611	JRF	NA	NA	NA	NA	NA	NA	NA	NA	NA	NA	3
3	1	union	634	148758	3004	785	0.446793516560958	0.0197941513685903	0.174271577789994	0.250741546371366	0.268649202674861	JRF	NA	NA	NA	NA	NA	NA	NA	NA	NA	NA	3
3	1	inet	453	151011	751	966	0.319238900634249	0.00494853784214757	0.37624584717608	0.345406023637057	0.34095856575377	JRF	NA	NA	NA	NA	NA	NA	NA	NA	NA	NA	3
3	2	vote	118	151706	56	1301	0.0831571529245948	0.000368998827110871	0.67816091954023	0.148148148148148	0.235456478052174	GENIE3	NA	NA	NA	NA	NA	NA	NA	NA	NA	NA	3
3	2	union	571	146893	4869	848	0.402396053558844	0.0320831301643363	0.104963235294118	0.166496573844584	0.191686540730329	GENIE3	NA	NA	NA	NA	NA	NA	NA	NA	NA	NA	3
3	2	inet	571	146893	4869	848	0.402396053558844	0.0320831301643363	0.104963235294118	0.166496573844584	0.191686540730329	GENIE3	NA	NA	NA	NA	NA	NA	NA	NA	NA	NA	3
3	2	early	608	149992	1770	811	0.428470754052149	0.0116629986426115	0.255677039529016	0.320252831182513	0.322996334458746	GENIE3	NA	NA	NA	NA	NA	NA	NA	NA	NA	NA	3
3	2	vote	118	151625	137	1301	0.0831571529245948	0.000902729273467666	0.462745098039216	0.140979689366786	0.193295270194278	GRNBoost2	NA	NA	NA	NA	NA	NA	NA	NA	NA	NA	3
3	2	union	572	144795	6967	847	0.403100775193798	0.0459074076514542	0.075872131582438	0.12770707747265	0.158188867118878	GRNBoost2	NA	NA	NA	NA	NA	NA	NA	NA	NA	NA	3
3	2	inet	500	147340	4422	919	0.352360817477097	0.0291377288122191	0.101584721657863	0.157703832203123	0.17558756509312	GRNBoost2	NA	NA	NA	NA	NA	NA	NA	NA	NA	NA	3
3	2	early	647	148373	3389	772	0.455954897815363	0.0223310183049775	0.160307234886026	0.237213565536205	0.259361781733573	GRNBoost2	NA	NA	NA	NA	NA	NA	NA	NA	NA	NA	3
3	2	vote	449	151099	663	970	0.316420014094433	0.00436868254240192	0.403776978417266	0.354800474120901	0.352148643514161	JRF	NA	NA	NA	NA	NA	NA	NA	NA	NA	NA	3
3	2	union	640	148777	2985	779	0.451021846370684	0.0196689553379634	0.176551724137931	0.253766851704996	0.271862624718735	JRF	NA	NA	NA	NA	NA	NA	NA	NA	NA	NA	3
3	2	inet	455	151038	724	964	0.320648343904158	0.00477062769336197	0.385920271416455	0.350269438029253	0.346266242373178	JRF	NA	NA	NA	NA	NA	NA	NA	NA	NA	NA	3
3	3	vote	116	151702	60	1303	0.0817477096546864	0.000395355886190219	0.659090909090909	0.145454545454545	0.230056069575836	GENIE3	NA	NA	NA	NA	NA	NA	NA	NA	NA	NA	3
3	3	union	568	146982	4780	851	0.400281888653982	0.0314966855998208	0.106207928197457	0.167873503768287	0.192470782204848	GENIE3	NA	NA	NA	NA	NA	NA	NA	NA	NA	NA	3
3	3	inet	568	146982	4780	851	0.400281888653982	0.0314966855998208	0.106207928197457	0.167873503768287	0.192470782204848	GENIE3	NA	NA	NA	NA	NA	NA	NA	NA	NA	NA	3
3	3	early	606	149924	1838	813	0.427061310782241	0.0121110686469604	0.247954173486088	0.313745793424799	0.317254803307532	GENIE3	NA	NA	NA	NA	NA	NA	NA	NA	NA	NA	3
3	3	vote	124	151645	117	1295	0.0873854827343199	0.000770943978070927	0.514522821576763	0.149397590361446	0.20936035746683	GRNBoost2	NA	NA	NA	NA	NA	NA	NA	NA	NA	NA	3
3	3	union	566	144777	6985	853	0.398872445384073	0.0460260144173113	0.0749569593431334	0.126198439241918	0.156145972685067	GRNBoost2	NA	NA	NA	NA	NA	NA	NA	NA	NA	NA	3
3	3	inet	476	148065	3697	943	0.335447498238196	0.0243605118540873	0.114066618739516	0.170243204577969	0.183073538998506	GRNBoost2	NA	NA	NA	NA	NA	NA	NA	NA	NA	NA	3
3	3	early	656	148377	3385	763	0.462297392529951	0.0223046612458982	0.162336055431824	0.24029304029304	0.263012703704833	GRNBoost2	NA	NA	NA	NA	NA	NA	NA	NA	NA	NA	3
3	3	vote	450	151084	678	969	0.317124735729387	0.00446752151394947	0.398936170212766	0.353356890459364	0.350339516240201	JRF	NA	NA	NA	NA	NA	NA	NA	NA	NA	NA	3
3	3	union	629	148733	3029	790	0.443269908386187	0.0199588829878362	0.171951886276654	0.247784124482962	0.265617354481797	JRF	NA	NA	NA	NA	NA	NA	NA	NA	NA	NA	3
3	3	inet	464	151000	762	955	0.326990838618746	0.00502101975461578	0.378466557911909	0.350850661625709	0.346166589308829	JRF	NA	NA	NA	NA	NA	NA	NA	NA	NA	NA	3
3	4	vote	115	151702	60	1304	0.0810429880197322	0.000395355886190219	0.657142857142857	0.144291091593476	0.228713122934099	GENIE3	NA	NA	NA	NA	NA	NA	NA	NA	NA	NA	3
3	4	union	571	146914	4848	848	0.402396053558844	0.0319447556041697	0.105369994463923	0.16700789704592	0.192115711366865	GENIE3	NA	NA	NA	NA	NA	NA	NA	NA	NA	NA	3
3	4	inet	571	146914	4848	848	0.402396053558844	0.0319447556041697	0.105369994463923	0.16700789704592	0.192115711366865	GENIE3	NA	NA	NA	NA	NA	NA	NA	NA	NA	NA	3
3	4	early	601	150000	1762	818	0.42353770260747	0.0116102845244528	0.254337706305544	0.317821258593337	0.320210057560225	GENIE3	NA	NA	NA	NA	NA	NA	NA	NA	NA	NA	3
3	4	vote	121	151649	113	1298	0.0852713178294574	0.000744586918991579	0.517094017094017	0.146400483968542	0.207342524074079	GRNBoost2	NA	NA	NA	NA	NA	NA	NA	NA	NA	NA	3
3	4	union	580	144667	7095	839	0.408738548273432	0.0467508335419934	0.0755700325732899	0.127556630745546	0.15895965328269	GRNBoost2	NA	NA	NA	NA	NA	NA	NA	NA	NA	NA	3
3	4	inet	508	147498	4264	911	0.35799859055673	0.0280966249785849	0.106454316848282	0.164109190760782	0.18191867517476	GRNBoost2	NA	NA	NA	NA	NA	NA	NA	NA	NA	NA	3
3	4	early	664	148169	3593	755	0.467935165609584	0.0236752283180243	0.155978388536528	0.233967582804792	0.25892602131563	GRNBoost2	NA	NA	NA	NA	NA	NA	NA	NA	NA	NA	3
3	4	vote	460	151100	662	959	0.324171952078929	0.00436209327763208	0.409982174688057	0.362062180243998	0.359304016915047	JRF	NA	NA	NA	NA	NA	NA	NA	NA	NA	NA	3
3	4	union	642	148771	2991	777	0.452431289640592	0.0197084909265824	0.176713459950454	0.2541567695962	0.272432861544037	JRF	NA	NA	NA	NA	NA	NA	NA	NA	NA	NA	3
3	4	inet	457	151063	699	962	0.322057787174066	0.00460589607411605	0.395328719723183	0.35495145631068	0.351410079205448	JRF	NA	NA	NA	NA	NA	NA	NA	NA	NA	NA	3
3	5	vote	116	151708	54	1303	0.0817477096546864	0.000355820297571197	0.682352941176471	0.146003775959723	0.234189845915425	GENIE3	NA	NA	NA	NA	NA	NA	NA	NA	NA	NA	3
3	5	union	564	146875	4887	855	0.397463002114165	0.0322017369301933	0.103467253714915	0.164192139737991	0.188887795290101	GENIE3	NA	NA	NA	NA	NA	NA	NA	NA	NA	NA	3
3	5	inet	564	146875	4887	855	0.397463002114165	0.0322017369301933	0.103467253714915	0.164192139737991	0.188887795290101	GENIE3	NA	NA	NA	NA	NA	NA	NA	NA	NA	NA	3
3	5	early	615	149975	1787	804	0.433403805496829	0.0117750161436987	0.256036636136553	0.321905260403036	0.325121765724421	GENIE3	NA	NA	NA	NA	NA	NA	NA	NA	NA	NA	3
3	5	vote	137	151633	129	1282	0.0965468639887245	0.000850015155308971	0.515037593984962	0.162611275964392	0.220193499056293	GRNBoost2	NA	NA	NA	NA	NA	NA	NA	NA	NA	NA	3
3	5	union	582	144574	7188	837	0.41014799154334	0.0473636351655882	0.0749034749034749	0.126673196212863	0.158384300172095	GRNBoost2	NA	NA	NA	NA	NA	NA	NA	NA	NA	NA	3
3	5	inet	492	147598	4164	927	0.346723044397463	0.0274376985016012	0.105670103092784	0.161975308641975	0.178174454729224	GRNBoost2	NA	NA	NA	NA	NA	NA	NA	NA	NA	NA	3
3	5	early	666	148103	3659	753	0.469344608879493	0.0241101197928335	0.153988439306358	0.231894150417827	0.257504776211226	GRNBoost2	NA	NA	NA	NA	NA	NA	NA	NA	NA	NA	3
3	5	vote	458	151091	671	961	0.32276250880902	0.00442139666056062	0.405668733392383	0.359497645211931	0.356551615151121	JRF	NA	NA	NA	NA	NA	NA	NA	NA	NA	NA	3
3	5	union	639	148726	3036	780	0.450317124735729	0.0200050078412251	0.173877551020408	0.250883392226148	0.269400446295443	JRF	NA	NA	NA	NA	NA	NA	NA	NA	NA	NA	3
3	5	inet	461	151031	731	958	0.324876673713883	0.00481675254675083	0.386744966442953	0.353121409421678	0.348947270675153	JRF	NA	NA	NA	NA	NA	NA	NA	NA	NA	NA	3
3	6	vote	113	151704	58	1306	0.0796335447498238	0.000382177356650545	0.660818713450292	0.142138364779874	0.227363905058781	GENIE3	NA	NA	NA	NA	NA	NA	NA	NA	NA	NA	3
3	6	union	557	146924	4838	862	0.392529950669486	0.0318788629564713	0.1032437442076	0.163486938655709	0.18743366311045	GENIE3	NA	NA	NA	NA	NA	NA	NA	NA	NA	NA	3
3	6	inet	557	146924	4838	862	0.392529950669486	0.0318788629564713	0.1032437442076	0.163486938655709	0.18743366311045	GENIE3	NA	NA	NA	NA	NA	NA	NA	NA	NA	NA	3
3	6	early	601	149969	1793	818	0.42353770260747	0.0118145517323177	0.251044277360067	0.315237345921846	0.318005025065257	GENIE3	NA	NA	NA	NA	NA	NA	NA	NA	NA	NA	3
3	6	vote	121	151640	122	1298	0.0852713178294574	0.000803890301920112	0.497942386831276	0.14560770156438	0.203329852760263	GRNBoost2	NA	NA	NA	NA	NA	NA	NA	NA	NA	NA	3
3	6	union	582	144654	7108	837	0.41014799154334	0.0468364939840013	0.0756827048114434	0.127785706444176	0.159393506952533	GRNBoost2	NA	NA	NA	NA	NA	NA	NA	NA	NA	NA	3
3	6	inet	496	147863	3899	923	0.34954193093728	0.0256915433375944	0.112855517633675	0.17062263501892	0.18584747531938	GRNBoost2	NA	NA	NA	NA	NA	NA	NA	NA	NA	NA	3
3	6	early	649	148357	3405	770	0.457364341085271	0.0224364465412949	0.160088801184016	0.23716426091723	0.259579246873385	GRNBoost2	NA	NA	NA	NA	NA	NA	NA	NA	NA	NA	3
3	6	vote	460	151108	654	959	0.324171952078929	0.00430937915947339	0.412926391382406	0.363205684958547	0.360641798490569	JRF	NA	NA	NA	NA	NA	NA	NA	NA	NA	NA	3
3	6	union	638	148710	3052	781	0.449612403100775	0.0201104360775425	0.17289972899729	0.249755333724799	0.268359620412177	JRF	NA	NA	NA	NA	NA	NA	NA	NA	NA	NA	3
3	6	inet	462	151082	680	957	0.325581395348837	0.00448070004348915	0.404553415061296	0.360796563842249	0.35760485814759	JRF	NA	NA	NA	NA	NA	NA	NA	NA	NA	NA	3
3	7	vote	119	151697	65	1300	0.083861874559549	0.000428302210039404	0.646739130434783	0.148471615720524	0.230761412336703	GENIE3	NA	NA	NA	NA	NA	NA	NA	NA	NA	NA	3
3	7	union	572	146906	4856	847	0.403100775193798	0.0319974697223284	0.105379513633014	0.167080473199942	0.192300081257881	GENIE3	NA	NA	NA	NA	NA	NA	NA	NA	NA	NA	3
3	7	inet	572	146906	4856	847	0.403100775193798	0.0319974697223284	0.105379513633014	0.167080473199942	0.192300081257881	GENIE3	NA	NA	NA	NA	NA	NA	NA	NA	NA	NA	3
3	7	early	606	150002	1760	813	0.427061310782241	0.0115971059949131	0.256128486897718	0.320211360634082	0.322757758841516	GENIE3	NA	NA	NA	NA	NA	NA	NA	NA	NA	NA	3
3	7	vote	113	151628	134	1306	0.0796335447498238	0.000882961479158156	0.45748987854251	0.135654261704682	0.188029502515096	GRNBoost2	NA	NA	NA	NA	NA	NA	NA	NA	NA	NA	3
3	7	union	586	144714	7048	833	0.412966878083157	0.046441138097811	0.0767618548598376	0.129459847564343	0.161361339599254	GRNBoost2	NA	NA	NA	NA	NA	NA	NA	NA	NA	NA	3
3	7	inet	478	148153	3609	941	0.336856941508104	0.0237806565543417	0.116956202593589	0.173628768616055	0.186118904673745	GRNBoost2	NA	NA	NA	NA	NA	NA	NA	NA	NA	NA	3
3	7	early	657	148471	3291	762	0.463002114164905	0.0216852703575335	0.166413373860182	0.244829513694802	0.266810068974184	GRNBoost2	NA	NA	NA	NA	NA	NA	NA	NA	NA	NA	3
3	7	vote	461	151127	635	958	0.324876673713883	0.00418418312884648	0.420620437956204	0.366600397614314	0.364513016049025	JRF	NA	NA	NA	NA	NA	NA	NA	NA	NA	NA	3
3	7	union	645	148731	3031	774	0.454545454545455	0.0199720615173759	0.175462459194777	0.253189401373896	0.272032154564474	JRF	NA	NA	NA	NA	NA	NA	NA	NA	NA	NA	3
3	7	inet	467	151057	705	952	0.329105003523608	0.00464543166273507	0.398464163822526	0.360478579698958	0.356726072475477	JRF	NA	NA	NA	NA	NA	NA	NA	NA	NA	NA	3
3	8	vote	113	151707	55	1306	0.0796335447498238	0.000362409562341034	0.672619047619048	0.142407057340895	0.229439923895202	GENIE3	NA	NA	NA	NA	NA	NA	NA	NA	NA	NA	3
3	8	union	561	146979	4783	858	0.395348837209302	0.0315164533941303	0.10497754491018	0.165902705899749	0.189954363824097	GENIE3	NA	NA	NA	NA	NA	NA	NA	NA	NA	NA	3
3	8	inet	561	146979	4783	858	0.395348837209302	0.0315164533941303	0.10497754491018	0.165902705899749	0.189954363824097	GENIE3	NA	NA	NA	NA	NA	NA	NA	NA	NA	NA	3
3	8	early	603	149973	1789	816	0.424947145877378	0.0117881946732384	0.252090301003345	0.316452374704802	0.319245266389855	GENIE3	NA	NA	NA	NA	NA	NA	NA	NA	NA	NA	3
3	8	vote	131	151607	155	1288	0.0923185341789993	0.00102133603932473	0.458041958041958	0.15366568914956	0.202605163622565	GRNBoost2	NA	NA	NA	NA	NA	NA	NA	NA	NA	NA	3
3	8	union	596	144582	7180	823	0.420014094432699	0.0473109210474295	0.0766460905349794	0.129635671560631	0.162655222700975	GRNBoost2	NA	NA	NA	NA	NA	NA	NA	NA	NA	NA	3
3	8	inet	535	147303	4459	884	0.377026074700493	0.0293815316087031	0.107128554265118	0.166848588803992	0.187533480153302	GRNBoost2	NA	NA	NA	NA	NA	NA	NA	NA	NA	NA	3
3	8	early	665	148336	3426	754	0.468639887244538	0.0225748211014615	0.162551943290149	0.241379310344828	0.265052517635901	GRNBoost2	NA	NA	NA	NA	NA	NA	NA	NA	NA	NA	3
3	8	vote	460	151044	718	959	0.324171952078929	0.00473109210474295	0.390492359932088	0.354254909510974	0.350319618935345	JRF	NA	NA	NA	NA	NA	NA	NA	NA	NA	NA	3
3	8	union	633	148725	3037	786	0.446088794926004	0.0200115971059949	0.172479564032698	0.2487718608764	0.266926324256919	JRF	NA	NA	NA	NA	NA	NA	NA	NA	NA	NA	3
3	8	inet	457	151047	715	962	0.322057787174066	0.00471132431043344	0.389931740614334	0.352759552296411	0.348905586794865	JRF	NA	NA	NA	NA	NA	NA	NA	NA	NA	NA	3
3	9	vote	124	151709	53	1295	0.0873854827343199	0.00034923103280136	0.700564971751412	0.155388471177945	0.245434082980328	GENIE3	NA	NA	NA	NA	NA	NA	NA	NA	NA	NA	3
3	9	union	577	146798	4964	842	0.406624383368569	0.0327091103174708	0.104132828009385	0.165804597701149	0.191844710691637	GENIE3	NA	NA	NA	NA	NA	NA	NA	NA	NA	NA	3
3	9	inet	577	146798	4964	842	0.406624383368569	0.0327091103174708	0.104132828009385	0.165804597701149	0.191844710691637	GENIE3	NA	NA	NA	NA	NA	NA	NA	NA	NA	NA	3
3	9	early	612	150010	1752	807	0.431289640591966	0.0115443918767544	0.258883248730964	0.32355273592387	0.326219278065499	GENIE3	NA	NA	NA	NA	NA	NA	NA	NA	NA	NA	3
3	9	vote	131	151629	133	1288	0.0923185341789993	0.000876372214388319	0.496212121212121	0.155674390968509	0.211197783418731	GRNBoost2	NA	NA	NA	NA	NA	NA	NA	NA	NA	NA	3
3	9	union	578	144597	7165	841	0.407329105003524	0.047212082075882	0.0746480692238151	0.126173324601615	0.157479052488091	GRNBoost2	NA	NA	NA	NA	NA	NA	NA	NA	NA	NA	3
3	9	inet	504	147278	4484	915	0.355179704016913	0.029546263227949	0.101042502004812	0.157327922584673	0.175761863780623	GRNBoost2	NA	NA	NA	NA	NA	NA	NA	NA	NA	NA	3
3	9	early	631	148289	3473	788	0.444679351656096	0.0228845165456438	0.153752436647174	0.228499004164403	0.250244751481756	GRNBoost2	NA	NA	NA	NA	NA	NA	NA	NA	NA	NA	3
3	9	vote	456	151092	670	963	0.321353065539112	0.00441480739579078	0.404973357015986	0.358349705304519	0.355449442252595	JRF	NA	NA	NA	NA	NA	NA	NA	NA	NA	NA	3
3	9	union	638	148676	3086	781	0.449612403100775	0.0203344710797169	0.171321160042965	0.248104219327241	0.267022781259299	JRF	NA	NA	NA	NA	NA	NA	NA	NA	NA	NA	3
3	9	inet	443	151094	668	976	0.312191684284708	0.0044016288662511	0.398739873987399	0.350197628458498	0.347494951765717	JRF	NA	NA	NA	NA	NA	NA	NA	NA	NA	NA	3
3	10	vote	120	151708	54	1299	0.0845665961945032	0.000355820297571197	0.689655172413793	0.150659133709981	0.239502534183633	GENIE3	NA	NA	NA	NA	NA	NA	NA	NA	NA	NA	3
3	10	union	567	146885	4877	852	0.399577167019027	0.032135844282495	0.104151359294636	0.165233862742241	0.190132788657259	GENIE3	NA	NA	NA	NA	NA	NA	NA	NA	NA	NA	3
3	10	inet	567	146885	4877	852	0.399577167019027	0.032135844282495	0.104151359294636	0.165233862742241	0.190132788657259	GENIE3	NA	NA	NA	NA	NA	NA	NA	NA	NA	NA	3
3	10	early	614	149957	1805	805	0.432699083861875	0.0118936229095558	0.253823894171145	0.319958311620636	0.323362911357124	GENIE3	NA	NA	NA	NA	NA	NA	NA	NA	NA	NA	3
3	10	vote	127	151631	131	1292	0.0894996476391825	0.000863193684848645	0.492248062015504	0.151460942158617	0.207080323047047	GRNBoost2	NA	NA	NA	NA	NA	NA	NA	NA	NA	NA	3
3	10	union	575	144744	7018	844	0.405214940098661	0.0462434601547159	0.0757276438825234	0.127607634265424	0.158439394479738	GRNBoost2	NA	NA	NA	NA	NA	NA	NA	NA	NA	NA	3
3	10	inet	488	147621	4141	931	0.343904157857646	0.0272861454118949	0.105422337437892	0.161375661375661	0.177184405062575	GRNBoost2	NA	NA	NA	NA	NA	NA	NA	NA	NA	NA	3
3	10	early	650	148229	3533	769	0.458069062720226	0.0232798724318341	0.155390867798231	0.232059978579079	0.255574373436902	GRNBoost2	NA	NA	NA	NA	NA	NA	NA	NA	NA	NA	3
3	10	vote	458	151076	686	961	0.32276250880902	0.00452023563210817	0.40034965034965	0.357393679282091	0.354113862408084	JRF	NA	NA	NA	NA	NA	NA	NA	NA	NA	NA	3
3	10	union	621	148676	3086	798	0.437632135306554	0.0203344710797169	0.16752090639331	0.242294186500195	0.260150431665383	JRF	NA	NA	NA	NA	NA	NA	NA	NA	NA	NA	3
3	10	inet	455	151080	682	964	0.320648343904158	0.00449387857302882	0.400175901495163	0.356025039123631	0.352863845595441	JRF	NA	NA	NA	NA	NA	NA	NA	NA	NA	NA	3
4	1	vote	27	151760	2	1392	0.0190274841437632	1.3178529539674e-05	0.931034482758621	0.037292817679558	0.132401484078056	GENIE3	NA	NA	NA	NA	NA	NA	NA	NA	NA	NA	4
4	1	union	624	145380	6382	795	0.439746300211416	0.0420526877610996	0.0890665144162147	0.14813056379822	0.182368453914119	GENIE3	NA	NA	NA	NA	NA	NA	NA	NA	NA	NA	4
4	1	inet	617	145850	5912	802	0.434813248766737	0.0389557333192762	0.0945014550467147	0.155259184700554	0.187734583517973	GENIE3	NA	NA	NA	NA	NA	NA	NA	NA	NA	NA	4
4	1	early	650	150014	1748	769	0.458069062720226	0.011518034817675	0.271059216013344	0.340581608593136	0.34462202693465	GENIE3	NA	NA	NA	NA	NA	NA	NA	NA	NA	NA	4
4	1	vote	42	151758	4	1377	0.0295983086680761	2.63570590793479e-05	0.91304347826087	0.0573378839590444	0.163507078197307	GRNBoost2	NA	NA	NA	NA	NA	NA	NA	NA	NA	NA	4
4	1	union	662	142984	8778	757	0.466525722339676	0.057840566149629	0.0701271186440678	0.121926512570218	0.162811566274576	GRNBoost2	NA	NA	NA	NA	NA	NA	NA	NA	NA	NA	4
4	1	inet	518	148217	3545	901	0.365045806906272	0.0233589436090721	0.127492000984494	0.18898212331266	0.203710096295754	GRNBoost2	NA	NA	NA	NA	NA	NA	NA	NA	NA	NA	4
4	1	early	704	148240	3522	715	0.496124031007752	0.0232073905193659	0.16658778987222	0.249424269264836	0.276608183646244	GRNBoost2	NA	NA	NA	NA	NA	NA	NA	NA	NA	NA	4
4	1	vote	380	151419	343	1039	0.267794221282593	0.00226011781605408	0.525587828492393	0.354808590102708	0.371149404052426	JRF	NA	NA	NA	NA	NA	NA	NA	NA	NA	NA	4
4	1	union	703	148032	3730	716	0.495419309372798	0.0245779575914919	0.158583352131739	0.24025974025974	0.269074711347137	JRF	NA	NA	NA	NA	NA	NA	NA	NA	NA	NA	4
4	1	inet	476	150940	822	943	0.335447498238196	0.005416375640806	0.366718027734977	0.350386455649614	0.344933746404421	JRF	NA	NA	NA	NA	NA	NA	NA	NA	NA	NA	4
4	2	vote	28	151761	1	1391	0.0197322057787174	6.58926476983698e-06	0.96551724137931	0.0386740331491713	0.137354524208741	GENIE3	NA	NA	NA	NA	NA	NA	NA	NA	NA	NA	4
4	2	union	628	145369	6393	791	0.442565186751233	0.0421251696735678	0.0894459478706737	0.148815165876777	0.183441011272099	GENIE3	NA	NA	NA	NA	NA	NA	NA	NA	NA	NA	4
4	2	inet	626	145535	6227	793	0.441155743481325	0.0410313517217749	0.0913468553917992	0.151353965183752	0.185423024643143	GENIE3	NA	NA	NA	NA	NA	NA	NA	NA	NA	NA	4
4	2	early	671	149955	1807	748	0.472868217054264	0.0119068014390954	0.270782889426957	0.344367462150372	0.35004646250474	GENIE3	NA	NA	NA	NA	NA	NA	NA	NA	NA	NA	4
4	2	vote	38	151756	6	1381	0.0267794221282593	3.95355886190219e-05	0.863636363636364	0.0519480519480519	0.151170090424475	GRNBoost2	NA	NA	NA	NA	NA	NA	NA	NA	NA	NA	4
4	2	union	667	142657	9105	752	0.470049330514447	0.0599952557293657	0.0682562423250102	0.119202930926637	0.160743683977721	GRNBoost2	NA	NA	NA	NA	NA	NA	NA	NA	NA	NA	4
4	2	inet	548	147597	4165	871	0.386187455954898	0.027444287766371	0.116274135370252	0.178734507501631	0.199017473489997	GRNBoost2	NA	NA	NA	NA	NA	NA	NA	NA	NA	NA	4
4	2	early	709	148106	3656	710	0.499647639182523	0.024090351998524	0.162428407789233	0.245159059474412	0.273815873869499	GRNBoost2	NA	NA	NA	NA	NA	NA	NA	NA	NA	NA	4
4	2	vote	366	151400	362	1053	0.257928118393235	0.00238531384668099	0.502747252747253	0.340940847694457	0.35596122941189	JRF	NA	NA	NA	NA	NA	NA	NA	NA	NA	NA	4
4	2	union	701	148068	3694	718	0.494009866102889	0.0243407440597778	0.159499431171786	0.241142070863433	0.269528226333569	JRF	NA	NA	NA	NA	NA	NA	NA	NA	NA	NA	4
4	2	inet	459	150977	785	960	0.323467230443975	0.00517257284432203	0.368971061093248	0.344723995493804	0.339750499561612	JRF	NA	NA	NA	NA	NA	NA	NA	NA	NA	NA	4
4	3	vote	34	151760	2	1385	0.0239605355884426	1.3178529539674e-05	0.944444444444444	0.0467353951890034	0.149667548986141	GENIE3	NA	NA	NA	NA	NA	NA	NA	NA	NA	NA	4
4	3	union	631	145310	6452	788	0.444679351656096	0.0425139362949882	0.0890865452491882	0.14843566219713	0.183462236027862	GENIE3	NA	NA	NA	NA	NA	NA	NA	NA	NA	NA	4
4	3	inet	627	145682	6080	792	0.441860465116279	0.0400627298006088	0.0934844192634561	0.154319468373123	0.18812035036265	GENIE3	NA	NA	NA	NA	NA	NA	NA	NA	NA	NA	4
4	3	early	669	149906	1856	750	0.471458773784355	0.0122296754128174	0.264950495049505	0.339249492900609	0.345523992723342	GENIE3	NA	NA	NA	NA	NA	NA	NA	NA	NA	NA	4
4	3	vote	43	151756	6	1376	0.0303030303030303	3.95355886190219e-05	0.877551020408163	0.05858310626703	0.16212902772178	GRNBoost2	NA	NA	NA	NA	NA	NA	NA	NA	NA	NA	4
4	3	union	648	142813	8949	771	0.456659619450317	0.0589673304252711	0.0675211003438575	0.117647058823529	0.157216859755613	GRNBoost2	NA	NA	NA	NA	NA	NA	NA	NA	NA	NA	4
4	3	inet	522	148093	3669	897	0.367864693446089	0.0241760124405319	0.124552612741589	0.186096256684492	0.201836895350479	GRNBoost2	NA	NA	NA	NA	NA	NA	NA	NA	NA	NA	4
4	3	early	708	148252	3510	711	0.498942917547569	0.0231283193421278	0.167852062588905	0.251197445449707	0.278559508751608	GRNBoost2	NA	NA	NA	NA	NA	NA	NA	NA	NA	NA	4
4	3	vote	366	151410	352	1053	0.257928118393235	0.00231942119898262	0.50974930362117	0.342536265793168	0.358512161535239	JRF	NA	NA	NA	NA	NA	NA	NA	NA	NA	NA	4
4	3	union	688	148034	3728	731	0.484848484848485	0.0245647790619523	0.155797101449275	0.235818337617823	0.263532027731705	JRF	NA	NA	NA	NA	NA	NA	NA	NA	NA	NA	4
4	3	inet	456	151023	739	963	0.321353065539112	0.00486946666490953	0.381589958158996	0.348890589135425	0.344618177679099	JRF	NA	NA	NA	NA	NA	NA	NA	NA	NA	NA	4
4	4	vote	29	151758	4	1390	0.0204369274136716	2.63570590793479e-05	0.878787878787879	0.0399449035812672	0.133234048419857	GENIE3	NA	NA	NA	NA	NA	NA	NA	NA	NA	NA	4
4	4	union	639	145345	6417	780	0.450317124735729	0.0422833120280439	0.0905612244897959	0.150796460176991	0.1864778801985	GENIE3	NA	NA	NA	NA	NA	NA	NA	NA	NA	NA	4
4	4	inet	630	145669	6093	789	0.443974630021142	0.0401483902426167	0.0937081659973226	0.154753131908622	0.188855287350008	GENIE3	NA	NA	NA	NA	NA	NA	NA	NA	NA	NA	4
4	4	early	657	149927	1835	762	0.463002114164905	0.0120913008526509	0.263643659711075	0.335975453848121	0.341466870425309	GENIE3	NA	NA	NA	NA	NA	NA	NA	NA	NA	NA	4
4	4	vote	35	151761	1	1384	0.0246652572233968	6.58926476983698e-06	0.972222222222222	0.0481099656357388	0.154113140149582	GRNBoost2	NA	NA	NA	NA	NA	NA	NA	NA	NA	NA	4
4	4	union	660	142702	9060	759	0.465116279069767	0.0596987388147231	0.0679012345679012	0.118502558577969	0.159321795969214	GRNBoost2	NA	NA	NA	NA	NA	NA	NA	NA	NA	NA	4
4	4	inet	531	148195	3567	888	0.374207188160677	0.0235039074340085	0.129575402635432	0.192495921696574	0.208215237279536	GRNBoost2	NA	NA	NA	NA	NA	NA	NA	NA	NA	NA	4
4	4	early	716	148199	3563	703	0.504580690627202	0.0234775503749292	0.167328815143725	0.251316251316251	0.279698090351067	GRNBoost2	NA	NA	NA	NA	NA	NA	NA	NA	NA	NA	4
4	4	vote	369	151401	361	1050	0.260042283298097	0.00237872458191115	0.505479452054794	0.34341554211261	0.358425706804341	JRF	NA	NA	NA	NA	NA	NA	NA	NA	NA	NA	4
4	4	union	685	148048	3714	734	0.482734319943622	0.0244725293551745	0.155717208456467	0.235476108628395	0.262865862182615	JRF	NA	NA	NA	NA	NA	NA	NA	NA	NA	NA	4
4	4	inet	452	151019	743	967	0.318534178999295	0.00489582372398888	0.378242677824268	0.345830145371079	0.341519999234489	JRF	NA	NA	NA	NA	NA	NA	NA	NA	NA	NA	4
4	5	vote	31	151761	1	1388	0.02184637068358	6.58926476983698e-06	0.96875	0.0427291523087526	0.144773453357337	GENIE3	NA	NA	NA	NA	NA	NA	NA	NA	NA	NA	4
4	5	union	638	145409	6353	781	0.449612403100775	0.0418615990827743	0.0912601916750107	0.151724137931034	0.187171215342329	GENIE3	NA	NA	NA	NA	NA	NA	NA	NA	NA	NA	4
4	5	inet	628	145803	5959	791	0.442565186751233	0.0392654287634586	0.0953393046910581	0.156882338246315	0.190457794286806	GENIE3	NA	NA	NA	NA	NA	NA	NA	NA	NA	NA	4
4	5	early	667	149903	1859	752	0.470049330514447	0.0122494432071269	0.264053840063341	0.338149556400507	0.344381609799998	GENIE3	NA	NA	NA	NA	NA	NA	NA	NA	NA	NA	4
4	5	vote	38	151756	6	1381	0.0267794221282593	3.95355886190219e-05	0.863636363636364	0.0519480519480519	0.151170090424475	GRNBoost2	NA	NA	NA	NA	NA	NA	NA	NA	NA	NA	4
4	5	union	683	142631	9131	736	0.481324876673714	0.0601665766133815	0.0695944568983085	0.121605982373364	0.164767084400957	GRNBoost2	NA	NA	NA	NA	NA	NA	NA	NA	NA	NA	4
4	5	inet	557	147528	4234	862	0.392529950669486	0.0278989470354898	0.116259653517011	0.17938808373591	0.200683149580106	GRNBoost2	NA	NA	NA	NA	NA	NA	NA	NA	NA	NA	4
4	5	early	706	148332	3430	713	0.49753347427766	0.0226011781605408	0.170696324951644	0.254185418541854	0.280708427228715	GRNBoost2	NA	NA	NA	NA	NA	NA	NA	NA	NA	NA	4
4	5	vote	389	151412	350	1030	0.274136715997181	0.00230624266944294	0.52638700947226	0.360518999073216	0.375834220964511	JRF	NA	NA	NA	NA	NA	NA	NA	NA	NA	NA	4
4	5	union	709	148143	3619	710	0.499647639182523	0.02384654920204	0.163817005545286	0.246737428223421	0.275090586328009	JRF	NA	NA	NA	NA	NA	NA	NA	NA	NA	NA	4
4	5	inet	474	151006	756	945	0.334038054968288	0.00498148416599676	0.385365853658537	0.357870894677237	0.353214845757706	JRF	NA	NA	NA	NA	NA	NA	NA	NA	NA	NA	4
4	6	vote	25	151761	1	1394	0.0176180408738548	6.58926476983698e-06	0.961538461538462	0.0346020761245675	0.1295136694952	GENIE3	NA	NA	NA	NA	NA	NA	NA	NA	NA	NA	4
4	6	union	636	145263	6499	783	0.448202959830867	0.0428236317391705	0.0891380518570428	0.148702361468319	0.184286064150183	GENIE3	NA	NA	NA	NA	NA	NA	NA	NA	NA	NA	4
4	6	inet	618	145622	6140	801	0.435517970401691	0.0404580856867991	0.0914471737200355	0.151155680567445	0.184298545172022	GENIE3	NA	NA	NA	NA	NA	NA	NA	NA	NA	NA	4
4	6	early	665	149926	1836	754	0.468639887244538	0.0120978901174207	0.265893642542983	0.339285714285714	0.345118945694989	GENIE3	NA	NA	NA	NA	NA	NA	NA	NA	NA	NA	4
4	6	vote	36	151760	2	1383	0.025369978858351	1.3178529539674e-05	0.947368421052632	0.0494166094715168	0.154250576426672	GRNBoost2	NA	NA	NA	NA	NA	NA	NA	NA	NA	NA	4
4	6	union	666	142888	8874	753	0.469344608879493	0.0584731355675334	0.069811320754717	0.121543936490556	0.162879081052274	GRNBoost2	NA	NA	NA	NA	NA	NA	NA	NA	NA	NA	4
4	6	inet	545	148128	3634	874	0.384073291050035	0.0239453881735876	0.13041397463508	0.194712397284745	0.211786003890806	GRNBoost2	NA	NA	NA	NA	NA	NA	NA	NA	NA	NA	4
4	6	early	693	148150	3612	726	0.488372093023256	0.0238004243486512	0.160975609756098	0.242138364779874	0.269293900031966	GRNBoost2	NA	NA	NA	NA	NA	NA	NA	NA	NA	NA	4
4	6	vote	387	151401	361	1032	0.272727272727273	0.00237872458191115	0.517379679144385	0.357175819104753	0.371540757817593	JRF	NA	NA	NA	NA	NA	NA	NA	NA	NA	NA	4
4	6	union	693	147990	3772	726	0.488372093023256	0.0248547067118251	0.155207166853303	0.235554044867437	0.263966715047823	JRF	NA	NA	NA	NA	NA	NA	NA	NA	NA	NA	4
4	6	inet	467	150972	790	952	0.329105003523608	0.00520551916817122	0.371519490851233	0.349028400597907	0.343955408560395	JRF	NA	NA	NA	NA	NA	NA	NA	NA	NA	NA	4
4	7	vote	28	151760	2	1391	0.0197322057787174	1.3178529539674e-05	0.933333333333333	0.0386473429951691	0.135001209585582	GENIE3	NA	NA	NA	NA	NA	NA	NA	NA	NA	NA	4
4	7	union	638	145334	6428	781	0.449612403100775	0.0423557939405121	0.0902915369374469	0.150383028874484	0.185997300729607	GENIE3	NA	NA	NA	NA	NA	NA	NA	NA	NA	NA	4
4	7	inet	623	145804	5958	796	0.439041578576462	0.0392588394986887	0.0946664640632123	0.15575	0.188879066219586	GENIE3	NA	NA	NA	NA	NA	NA	NA	NA	NA	NA	4
4	7	early	672	149924	1838	747	0.473572938689218	0.0121110686469604	0.267729083665339	0.342071773988292	0.348222511904452	GENIE3	NA	NA	NA	NA	NA	NA	NA	NA	NA	NA	4
4	7	vote	39	151761	1	1380	0.0274841437632135	6.58926476983698e-06	0.975	0.0534612748457848	0.162920247539142	GRNBoost2	NA	NA	NA	NA	NA	NA	NA	NA	NA	NA	4
4	7	union	671	142636	9126	748	0.472868217054264	0.0601336302895323	0.0684903541900582	0.119650499286733	0.161601981760423	GRNBoost2	NA	NA	NA	NA	NA	NA	NA	NA	NA	NA	4
4	7	inet	561	147500	4262	858	0.395348837209302	0.0280834464490452	0.116317644619531	0.179750080102531	0.20148309197413	GRNBoost2	NA	NA	NA	NA	NA	NA	NA	NA	NA	NA	4
4	7	early	721	148217	3545	698	0.508104298801973	0.0233589436090721	0.169010782934834	0.253649956024626	0.282232307343148	GRNBoost2	NA	NA	NA	NA	NA	NA	NA	NA	NA	NA	4
4	7	vote	377	151415	347	1042	0.265680056377731	0.00228647487513343	0.520718232044199	0.351843210452637	0.367904362952534	JRF	NA	NA	NA	NA	NA	NA	NA	NA	NA	NA	4
4	7	union	692	148044	3718	727	0.487667371388302	0.0244988864142539	0.156916099773243	0.237433522044948	0.26535867126613	JRF	NA	NA	NA	NA	NA	NA	NA	NA	NA	NA	4
4	7	inet	456	151001	761	963	0.321353065539112	0.00501443048984594	0.374691865242399	0.34597875569044	0.341357388499332	JRF	NA	NA	NA	NA	NA	NA	NA	NA	NA	NA	4
4	8	vote	29	151760	2	1390	0.0204369274136716	1.3178529539674e-05	0.935483870967742	0.04	0.137552609234924	GENIE3	NA	NA	NA	NA	NA	NA	NA	NA	NA	NA	4
4	8	union	644	145304	6458	775	0.4538407329105	0.0425534718836072	0.0906786820613912	0.151155967609436	0.187384536542221	GENIE3	NA	NA	NA	NA	NA	NA	NA	NA	NA	NA	4
4	8	inet	631	145751	6011	788	0.444679351656096	0.0396080705314901	0.0950015055706113	0.156556258528719	0.1905364741918	GENIE3	NA	NA	NA	NA	NA	NA	NA	NA	NA	NA	4
4	8	early	661	149979	1783	758	0.465821000704722	0.0117486590846193	0.270458265139116	0.342221071705928	0.347166037756188	GENIE3	NA	NA	NA	NA	NA	NA	NA	NA	NA	NA	4
4	8	vote	38	151758	4	1381	0.0267794221282593	2.63570590793479e-05	0.904761904761905	0.0520191649555099	0.154802765737568	GRNBoost2	NA	NA	NA	NA	NA	NA	NA	NA	NA	NA	4
4	8	union	663	142977	8785	756	0.46723044397463	0.0578866910030179	0.0701735817104149	0.12202079690807	0.163009418396828	GRNBoost2	NA	NA	NA	NA	NA	NA	NA	NA	NA	NA	4
4	8	inet	536	148000	3762	883	0.377730796335447	0.0247888140641267	0.124709167054444	0.187510932307154	0.204748287340319	GRNBoost2	NA	NA	NA	NA	NA	NA	NA	NA	NA	NA	4
4	8	early	717	148213	3549	702	0.505285412262156	0.0233853006681514	0.168073136427567	0.252242744063325	0.280575726919494	GRNBoost2	NA	NA	NA	NA	NA	NA	NA	NA	NA	NA	4
4	8	vote	372	151388	374	1047	0.26215644820296	0.00246438502391903	0.498659517426273	0.34364896073903	0.357371268603625	JRF	NA	NA	NA	NA	NA	NA	NA	NA	NA	NA	4
4	8	union	692	148072	3690	727	0.487667371388302	0.0243143870006985	0.157918758557736	0.238579555249095	0.266286095704352	JRF	NA	NA	NA	NA	NA	NA	NA	NA	NA	NA	4
4	8	inet	447	151065	697	972	0.315010570824524	0.00459271754457638	0.390734265734266	0.348809988294967	0.345407490614176	JRF	NA	NA	NA	NA	NA	NA	NA	NA	NA	NA	4
4	9	vote	32	151760	2	1387	0.0225510923185342	1.3178529539674e-05	0.941176470588235	0.0440467997247075	0.144941491566523	GENIE3	NA	NA	NA	NA	NA	NA	NA	NA	NA	NA	4
4	9	union	632	145336	6426	787	0.44538407329105	0.0423426154109724	0.0895437801076792	0.149109354724549	0.184171456401913	GENIE3	NA	NA	NA	NA	NA	NA	NA	NA	NA	NA	4
4	9	inet	624	145686	6076	795	0.439746300211416	0.0400363727415295	0.093134328358209	0.153713511516197	0.187236107449115	GENIE3	NA	NA	NA	NA	NA	NA	NA	NA	NA	NA	4
4	9	early	663	149947	1815	756	0.46723044397463	0.0119595155572541	0.267554479418886	0.340261739799846	0.345725200798145	GENIE3	NA	NA	NA	NA	NA	NA	NA	NA	NA	NA	4
4	9	vote	34	151761	1	1385	0.0239605355884426	6.58926476983698e-06	0.971428571428571	0.046767537826685	0.151831869403294	GRNBoost2	NA	NA	NA	NA	NA	NA	NA	NA	NA	NA	4
4	9	union	653	142835	8927	766	0.460183227625088	0.0588223666003347	0.0681628392484342	0.118738067097009	0.15879844720699	GRNBoost2	NA	NA	NA	NA	NA	NA	NA	NA	NA	NA	4
4	9	inet	547	147112	4650	872	0.385482734319944	0.030640081179742	0.105253030594574	0.165356711003628	0.187769390558795	GRNBoost2	NA	NA	NA	NA	NA	NA	NA	NA	NA	NA	4
4	9	early	721	148198	3564	698	0.508104298801973	0.023484139639699	0.168261376896149	0.252805049088359	0.281551124164687	GRNBoost2	NA	NA	NA	NA	NA	NA	NA	NA	NA	NA	4
4	9	vote	379	151399	363	1040	0.267089499647639	0.00239190311145082	0.51078167115903	0.350763535400278	0.36523527696402	JRF	NA	NA	NA	NA	NA	NA	NA	NA	NA	NA	4
4	9	union	681	148057	3705	738	0.479915433403805	0.024413225972246	0.155266757865937	0.234625322997416	0.261658424327143	JRF	NA	NA	NA	NA	NA	NA	NA	NA	NA	NA	4
4	9	inet	450	151058	704	969	0.317124735729387	0.00463884239796524	0.389948006932409	0.349786241741158	0.346210207136769	JRF	NA	NA	NA	NA	NA	NA	NA	NA	NA	NA	4
4	10	vote	31	151760	2	1388	0.02184637068358	1.3178529539674e-05	0.939393939393939	0.0426997245179063	0.142520494531745	GENIE3	NA	NA	NA	NA	NA	NA	NA	NA	NA	NA	4
4	10	union	632	145303	6459	787	0.44538407329105	0.0425600611483771	0.089127062473558	0.148531139835488	0.183664018327296	GENIE3	NA	NA	NA	NA	NA	NA	NA	NA	NA	NA	4
4	10	inet	621	145826	5936	798	0.437632135306554	0.0391138756737523	0.0947079457068781	0.155717151454363	0.188610479858801	GENIE3	NA	NA	NA	NA	NA	NA	NA	NA	NA	NA	4
4	10	early	658	149928	1834	761	0.463706835799859	0.012084711587881	0.264044943820225	0.336486832012273	0.342005533725583	GENIE3	NA	NA	NA	NA	NA	NA	NA	NA	NA	NA	4
4	10	vote	31	151759	3	1388	0.02184637068358	1.97677943095109e-05	0.911764705882353	0.0426703372333104	0.140367045868543	GRNBoost2	NA	NA	NA	NA	NA	NA	NA	NA	NA	NA	4
4	10	union	650	142962	8800	769	0.458069062720226	0.0579855299745654	0.0687830687830688	0.119606219523415	0.159306049085854	GRNBoost2	NA	NA	NA	NA	NA	NA	NA	NA	NA	NA	4
4	10	inet	514	148155	3607	905	0.362226920366455	0.023767478024802	0.124727008007765	0.185559566787004	0.200399893875975	GRNBoost2	NA	NA	NA	NA	NA	NA	NA	NA	NA	NA	4
4	10	early	712	148204	3558	707	0.501761804087385	0.02344460405108	0.166744730679157	0.250307611179469	0.278362923463603	GRNBoost2	NA	NA	NA	NA	NA	NA	NA	NA	NA	NA	4
4	10	vote	371	151407	355	1048	0.261451726568006	0.00233918899329213	0.511019283746556	0.345920745920746	0.361428170493977	JRF	NA	NA	NA	NA	NA	NA	NA	NA	NA	NA	4
4	10	union	695	148001	3761	724	0.489781536293164	0.0247822247993569	0.15596947935368	0.236595744680851	0.265069920807944	JRF	NA	NA	NA	NA	NA	NA	NA	NA	NA	NA	4
4	10	inet	454	151018	744	965	0.319943622269204	0.00490241298875871	0.378964941569282	0.34696217042415	0.342621150245805	JRF	NA	NA	NA	NA	NA	NA	NA	NA	NA	NA	4
5	1	vote	12	151762	0	1407	0.00845665961945032	0	1	0.0167714884696017	0.0915367539311983	GENIE3	NA	NA	NA	NA	NA	NA	NA	NA	NA	NA	5
5	1	union	703	143905	7857	716	0.495419309372798	0.0517718532966092	0.0821261682242991	0.140895881350837	0.18503681802387	GENIE3	NA	NA	NA	NA	NA	NA	NA	NA	NA	NA	5
5	1	inet	663	145242	6520	756	0.46723044397463	0.0429620062993371	0.0923012668801337	0.154150197628458	0.192259167162801	GENIE3	NA	NA	NA	NA	NA	NA	NA	NA	NA	NA	5
5	1	early	688	150013	1749	731	0.484848484848485	0.0115246240824449	0.282314320886336	0.356846473029046	0.362395949141134	GENIE3	NA	NA	NA	NA	NA	NA	NA	NA	NA	NA	5
5	1	vote	11	151762	0	1408	0.00775193798449612	0	1	0.0153846153846154	0.0876394834826822	GRNBoost2	NA	NA	NA	NA	NA	NA	NA	NA	NA	NA	5
5	1	union	689	140848	10914	730	0.485553206483439	0.0719152356980008	0.059381194518659	0.105820918445707	0.149764915110156	GRNBoost2	NA	NA	NA	NA	NA	NA	NA	NA	NA	NA	5
5	1	inet	573	146689	5073	846	0.403805496828753	0.033427340177383	0.101487778958555	0.162208067940552	0.188321591990363	GRNBoost2	NA	NA	NA	NA	NA	NA	NA	NA	NA	NA	5
5	1	early	722	148093	3669	697	0.508809020436927	0.0241760124405319	0.164427237531314	0.248537005163511	0.278238432639172	GRNBoost2	NA	NA	NA	NA	NA	NA	NA	NA	NA	NA	5
5	1	vote	331	151541	221	1088	0.233262861169838	0.00145622751413397	0.59963768115942	0.335870116692035	0.370604347965993	JRF	NA	NA	NA	NA	NA	NA	NA	NA	NA	NA	5
5	1	union	719	147403	4359	700	0.506694855532065	0.0287226051317194	0.141591177628988	0.221332922887487	0.255768540798232	JRF	NA	NA	NA	NA	NA	NA	NA	NA	NA	NA	5
5	1	inet	549	150318	1444	870	0.386892177589852	0.0095148983276446	0.275464124435524	0.321805392731536	0.319033403550206	JRF	NA	NA	NA	NA	NA	NA	NA	NA	NA	NA	5
5	2	vote	7	151762	0	1412	0.00493305144467935	0	1	0.00981767180925666	0.0699112095564054	GENIE3	NA	NA	NA	NA	NA	NA	NA	NA	NA	NA	5
5	2	union	700	143816	7946	719	0.493305144467935	0.0523582978611247	0.0809622947027527	0.139095876800795	0.183047933576658	GENIE3	NA	NA	NA	NA	NA	NA	NA	NA	NA	NA	5
5	2	inet	660	145228	6534	759	0.465116279069767	0.0430542560061148	0.0917431192660551	0.153256704980843	0.191120241681539	GENIE3	NA	NA	NA	NA	NA	NA	NA	NA	NA	NA	5
5	2	early	690	150090	1672	729	0.486257928118393	0.0110172506951674	0.292125317527519	0.364982808780746	0.369503323959952	GENIE3	NA	NA	NA	NA	NA	NA	NA	NA	NA	NA	5
5	2	vote	9	151762	0	1410	0.00634249471458774	0	1	0.0126050420168067	0.0792723779655147	GRNBoost2	NA	NA	NA	NA	NA	NA	NA	NA	NA	NA	5
5	2	union	710	141071	10691	709	0.500352360817477	0.0704458296543272	0.0622752390141216	0.110764430577223	0.15691620727396	GRNBoost2	NA	NA	NA	NA	NA	NA	NA	NA	NA	NA	5
5	2	inet	604	146876	4886	815	0.425651867512333	0.0321951476654235	0.110018214936248	0.174844405847445	0.202771305664164	GRNBoost2	NA	NA	NA	NA	NA	NA	NA	NA	NA	NA	5
5	2	early	706	148007	3755	713	0.49753347427766	0.0247426892107379	0.158260479713069	0.240136054421769	0.269364849156863	GRNBoost2	NA	NA	NA	NA	NA	NA	NA	NA	NA	NA	5
5	2	vote	319	151526	236	1100	0.224806201550388	0.00155506648568153	0.574774774774775	0.323201621073961	0.355963641721449	JRF	NA	NA	NA	NA	NA	NA	NA	NA	NA	NA	5
5	2	union	724	147502	4260	695	0.510218463706836	0.0280702679195055	0.145264847512039	0.226143995002343	0.260342182567633	JRF	NA	NA	NA	NA	NA	NA	NA	NA	NA	NA	5
5	2	inet	559	150323	1439	860	0.393939393939394	0.00948195200379542	0.27977977977978	0.327187591454492	0.324617380485114	JRF	NA	NA	NA	NA	NA	NA	NA	NA	NA	NA	5
5	3	vote	9	151761	1	1410	0.00634249471458774	6.58926476983698e-06	0.9	0.0125962211336599	0.0751264958199554	GENIE3	NA	NA	NA	NA	NA	NA	NA	NA	NA	NA	5
5	3	union	695	143777	7985	724	0.489781536293164	0.0526152791871483	0.0800691244239631	0.137637389840578	0.181144045579141	GENIE3	NA	NA	NA	NA	NA	NA	NA	NA	NA	NA	5
5	3	inet	658	145354	6408	761	0.463706835799859	0.0422240086451154	0.0931219926408152	0.1550972304066	0.192494526525451	GENIE3	NA	NA	NA	NA	NA	NA	NA	NA	NA	NA	5
5	3	early	692	149999	1763	727	0.487667371388302	0.0116168737892226	0.281873727087576	0.357253484770263	0.363166605433808	GENIE3	NA	NA	NA	NA	NA	NA	NA	NA	NA	NA	5
5	3	vote	13	151761	1	1406	0.00916138125440451	6.58926476983698e-06	0.928571428571429	0.0181437543614794	0.0917433466384396	GRNBoost2	NA	NA	NA	NA	NA	NA	NA	NA	NA	NA	5
5	3	union	677	141013	10749	742	0.477096546863989	0.0708280070109777	0.0592508314370733	0.105410665628649	0.148139068196545	GRNBoost2	NA	NA	NA	NA	NA	NA	NA	NA	NA	NA	5
5	3	inet	561	147057	4705	858	0.395348837209302	0.031002490742083	0.106532472464869	0.167838444278235	0.191575779351809	GRNBoost2	NA	NA	NA	NA	NA	NA	NA	NA	NA	NA	5
5	3	early	704	148321	3441	715	0.496124031007752	0.0226736600730091	0.169843184559711	0.253055355859094	0.279537012295494	GRNBoost2	NA	NA	NA	NA	NA	NA	NA	NA	NA	NA	5
5	3	vote	332	151543	219	1087	0.233967582804792	0.0014430489845943	0.602540834845735	0.337055837563452	0.372088072926303	JRF	NA	NA	NA	NA	NA	NA	NA	NA	NA	NA	5
5	3	union	726	147458	4304	693	0.511627906976744	0.0283601955693784	0.144333996023857	0.225151186230423	0.259791065888556	JRF	NA	NA	NA	NA	NA	NA	NA	NA	NA	NA	5
5	3	inet	548	150371	1391	871	0.386187455954898	0.00916566729484324	0.282619907168644	0.326384752829065	0.323082963194575	JRF	NA	NA	NA	NA	NA	NA	NA	NA	NA	NA	5
5	4	vote	10	151762	0	1409	0.00704721634954193	0	1	0.0139958012596221	0.0835606960708985	GENIE3	NA	NA	NA	NA	NA	NA	NA	NA	NA	NA	5
5	4	union	696	143817	7945	723	0.490486257928118	0.0523517085963548	0.0805462330748756	0.138369781312127	0.181929946440381	GENIE3	NA	NA	NA	NA	NA	NA	NA	NA	NA	NA	5
5	4	inet	665	145083	6679	754	0.468639887244538	0.0440096993977412	0.0905501089324619	0.151774506447564	0.190407209869255	GENIE3	NA	NA	NA	NA	NA	NA	NA	NA	NA	NA	5
5	4	early	681	150031	1731	738	0.479915433403805	0.0114060173165878	0.282338308457711	0.355520751761942	0.360534113142909	GENIE3	NA	NA	NA	NA	NA	NA	NA	NA	NA	NA	5
5	4	vote	6	151762	0	1413	0.00422832980972516	0	1	0.00842105263157895	0.0647249917277734	GRNBoost2	NA	NA	NA	NA	NA	NA	NA	NA	NA	NA	5
5	4	union	696	141106	10656	723	0.490486257928118	0.0702152053873829	0.0613107822410148	0.108996946206249	0.153703403532963	GRNBoost2	NA	NA	NA	NA	NA	NA	NA	NA	NA	NA	5
5	4	inet	594	146575	5187	825	0.418604651162791	0.0341785163611444	0.10275038920602	0.165	0.193257072723475	GRNBoost2	NA	NA	NA	NA	NA	NA	NA	NA	NA	NA	5
5	4	early	693	148173	3589	726	0.488372093023256	0.0236488712589449	0.161840261560019	0.243115242939835	0.270083386609453	GRNBoost2	NA	NA	NA	NA	NA	NA	NA	NA	NA	NA	5
5	4	vote	324	151540	222	1095	0.228329809725159	0.00146281677890381	0.593406593406593	0.329770992366412	0.364687305537982	JRF	NA	NA	NA	NA	NA	NA	NA	NA	NA	NA	5
5	4	union	732	147440	4322	687	0.515856236786469	0.0284788023352354	0.144835773644638	0.226170245635718	0.261398688010711	JRF	NA	NA	NA	NA	NA	NA	NA	NA	NA	NA	5
5	4	inet	535	150351	1411	884	0.377026074700493	0.00929745259023998	0.274922918807811	0.317979197622585	0.314559336077399	JRF	NA	NA	NA	NA	NA	NA	NA	NA	NA	NA	5
5	5	vote	10	151762	0	1409	0.00704721634954193	0	1	0.0139958012596221	0.0835606960708985	GENIE3	NA	NA	NA	NA	NA	NA	NA	NA	NA	NA	5
5	5	union	701	143809	7953	718	0.494009866102889	0.0524044227145135	0.081003004391033	0.139183957113075	0.18324165137302	GENIE3	NA	NA	NA	NA	NA	NA	NA	NA	NA	NA	5
5	5	inet	657	145252	6510	762	0.463002114164905	0.0428961136516387	0.0916701548765174	0.153039832285115	0.190574878542413	GENIE3	NA	NA	NA	NA	NA	NA	NA	NA	NA	NA	5
5	5	early	687	150032	1730	732	0.484143763213531	0.011399428051818	0.284236657012826	0.358185610010427	0.363422574737419	GENIE3	NA	NA	NA	NA	NA	NA	NA	NA	NA	NA	5
5	5	vote	10	151762	0	1409	0.00704721634954193	0	1	0.0139958012596221	0.0835606960708985	GRNBoost2	NA	NA	NA	NA	NA	NA	NA	NA	NA	NA	5
5	5	union	712	141135	10627	707	0.501761804087385	0.0700241167090576	0.0627921333450922	0.111616240790092	0.157980279723801	GRNBoost2	NA	NA	NA	NA	NA	NA	NA	NA	NA	NA	5
5	5	inet	606	146586	5176	813	0.427061310782241	0.0341060344486762	0.104808024904877	0.168309956950424	0.197528393070989	GRNBoost2	NA	NA	NA	NA	NA	NA	NA	NA	NA	NA	5
5	5	early	718	148142	3620	701	0.505990133897111	0.0238531384668099	0.165514061779622	0.249435469862776	0.278441647168314	GRNBoost2	NA	NA	NA	NA	NA	NA	NA	NA	NA	NA	5
5	5	vote	334	151545	217	1085	0.2353770260747	0.00142987045505463	0.606170598911071	0.339086294416244	0.374364566486629	JRF	NA	NA	NA	NA	NA	NA	NA	NA	NA	NA	5
5	5	union	717	147469	4293	702	0.505285412262156	0.0282877136569102	0.14311377245509	0.223051796546897	0.256914450927344	JRF	NA	NA	NA	NA	NA	NA	NA	NA	NA	NA	5
5	5	inet	540	150341	1421	879	0.380549682875264	0.00936334523793835	0.275369709331973	0.319526627218935	0.316316092655018	JRF	NA	NA	NA	NA	NA	NA	NA	NA	NA	NA	5
5	6	vote	10	151762	0	1409	0.00704721634954193	0	1	0.0139958012596221	0.0835606960708985	GENIE3	NA	NA	NA	NA	NA	NA	NA	NA	NA	NA	5
5	6	union	701	143859	7903	718	0.494009866102889	0.0520749594760217	0.0814737331473733	0.139878279956101	0.183878612985099	GENIE3	NA	NA	NA	NA	NA	NA	NA	NA	NA	NA	5
5	6	inet	657	145311	6451	762	0.463002114164905	0.0425073470302184	0.0924310635903208	0.154098745162425	0.191502580291412	GENIE3	NA	NA	NA	NA	NA	NA	NA	NA	NA	NA	5
5	6	early	692	150017	1745	727	0.487667371388302	0.0114982670233655	0.28395568321707	0.358921161825726	0.364574383063504	GENIE3	NA	NA	NA	NA	NA	NA	NA	NA	NA	NA	5
5	6	vote	9	151762	0	1410	0.00634249471458774	0	1	0.0126050420168067	0.0792723779655147	GRNBoost2	NA	NA	NA	NA	NA	NA	NA	NA	NA	NA	5
5	6	union	733	140817	10945	686	0.516560958421424	0.0721195029058658	0.0627675971912999	0.111934030694052	0.160442795514102	GRNBoost2	NA	NA	NA	NA	NA	NA	NA	NA	NA	NA	5
5	6	inet	596	147010	4752	823	0.420014094432699	0.0313121861862653	0.111443530291698	0.1761489581794	0.202865407031314	GRNBoost2	NA	NA	NA	NA	NA	NA	NA	NA	NA	NA	5
5	6	early	714	148110	3652	705	0.503171247357294	0.0240639949394447	0.163536417773706	0.246845289541919	0.275829202219436	GRNBoost2	NA	NA	NA	NA	NA	NA	NA	NA	NA	NA	5
5	6	vote	323	151558	204	1096	0.227625088090204	0.00134421001304674	0.612903225806452	0.331963001027749	0.370221104208883	JRF	NA	NA	NA	NA	NA	NA	NA	NA	NA	NA	5
5	6	union	722	147452	4310	697	0.508809020436927	0.0283997311579974	0.143481717011129	0.223841264920167	0.258204874249518	JRF	NA	NA	NA	NA	NA	NA	NA	NA	NA	NA	5
5	6	inet	535	150394	1368	884	0.377026074700493	0.00901411420513699	0.281135049921177	0.322095123419627	0.318293207512292	JRF	NA	NA	NA	NA	NA	NA	NA	NA	NA	NA	5
5	7	vote	6	151762	0	1413	0.00422832980972516	0	1	0.00842105263157895	0.0647249917277734	GENIE3	NA	NA	NA	NA	NA	NA	NA	NA	NA	NA	5
5	7	union	688	143888	7874	731	0.484848484848485	0.0518838707976964	0.0803550572296192	0.137861937681595	0.180561366434759	GENIE3	NA	NA	NA	NA	NA	NA	NA	NA	NA	NA	5
5	7	inet	644	145285	6477	775	0.4538407329105	0.0426786679142341	0.0904367364134251	0.150819672131148	0.187089586833887	GENIE3	NA	NA	NA	NA	NA	NA	NA	NA	NA	NA	5
5	7	early	702	150021	1741	717	0.494714587737844	0.0114719099642862	0.287351616864511	0.363542206110823	0.369542925603775	GENIE3	NA	NA	NA	NA	NA	NA	NA	NA	NA	NA	5
5	7	vote	18	151762	0	1401	0.0126849894291755	0	1	0.0250521920668058	0.112111365779181	GRNBoost2	NA	NA	NA	NA	NA	NA	NA	NA	NA	NA	5
5	7	union	689	141276	10486	730	0.485553206483439	0.0690950303765106	0.06165548098434	0.109417182785453	0.153414708078406	GRNBoost2	NA	NA	NA	NA	NA	NA	NA	NA	NA	NA	5
5	7	inet	571	146892	4870	848	0.402396053558844	0.0320897194291061	0.104943944127918	0.166472303206997	0.191666163054092	GRNBoost2	NA	NA	NA	NA	NA	NA	NA	NA	NA	NA	5
5	7	early	712	148045	3717	707	0.501761804087385	0.0244922971494841	0.160758636261007	0.243502051983584	0.272867718266641	GRNBoost2	NA	NA	NA	NA	NA	NA	NA	NA	NA	NA	5
5	7	vote	319	151542	220	1100	0.224806201550388	0.00144963824936414	0.591836734693878	0.325842696629214	0.361359960907872	JRF	NA	NA	NA	NA	NA	NA	NA	NA	NA	NA	5
5	7	union	715	147541	4221	704	0.503875968992248	0.0278132865934819	0.144854132901135	0.225019669551534	0.258261253730256	JRF	NA	NA	NA	NA	NA	NA	NA	NA	NA	NA	5
5	7	inet	545	150399	1363	874	0.384073291050035	0.00898116788128781	0.285639412997904	0.327622482717163	0.323996834780431	JRF	NA	NA	NA	NA	NA	NA	NA	NA	NA	NA	5
5	8	vote	11	151762	0	1408	0.00775193798449612	0	1	0.0153846153846154	0.0876394834826822	GENIE3	NA	NA	NA	NA	NA	NA	NA	NA	NA	NA	5
5	8	union	707	143913	7849	712	0.498238195912615	0.0517191391784505	0.0826320710612436	0.141754385964912	0.18627545936686	GENIE3	NA	NA	NA	NA	NA	NA	NA	NA	NA	NA	5
5	8	inet	668	145261	6501	751	0.470754052149401	0.0428368102687102	0.0931789649881434	0.155565905915231	0.194092582675807	GENIE3	NA	NA	NA	NA	NA	NA	NA	NA	NA	NA	5
5	8	early	690	150026	1736	729	0.486257928118393	0.011438963640437	0.28441879637263	0.358907672301691	0.364350621045685	GENIE3	NA	NA	NA	NA	NA	NA	NA	NA	NA	NA	5
5	8	vote	8	151762	0	1411	0.00563777307963354	0	1	0.0112123335669236	0.0747384707248937	GRNBoost2	NA	NA	NA	NA	NA	NA	NA	NA	NA	NA	5
5	8	union	719	140858	10904	700	0.506694855532065	0.0718493430503025	0.0618601049642949	0.110259162705107	0.157319074577252	GRNBoost2	NA	NA	NA	NA	NA	NA	NA	NA	NA	NA	5
5	8	inet	565	146847	4915	854	0.398167723749119	0.0323862363437488	0.103102189781022	0.163791853891868	0.188674167704263	GRNBoost2	NA	NA	NA	NA	NA	NA	NA	NA	NA	NA	5
5	8	early	723	148022	3740	696	0.509513742071882	0.0246438502391903	0.161998655612816	0.245834750085005	0.276186676566286	GRNBoost2	NA	NA	NA	NA	NA	NA	NA	NA	NA	NA	5
5	8	vote	324	151539	223	1095	0.228329809725159	0.00146940604367365	0.592321755027422	0.329603255340793	0.364344411845845	JRF	NA	NA	NA	NA	NA	NA	NA	NA	NA	NA	5
5	8	union	726	147473	4289	693	0.511627906976744	0.0282613565978308	0.144765702891326	0.225676095741374	0.260219336261886	JRF	NA	NA	NA	NA	NA	NA	NA	NA	NA	NA	5
5	8	inet	540	150412	1350	879	0.380549682875264	0.00889550743927993	0.285714285714286	0.326382592928377	0.322533096367323	JRF	NA	NA	NA	NA	NA	NA	NA	NA	NA	NA	5
5	9	vote	8	151762	0	1411	0.00563777307963354	0	1	0.0112123335669236	0.0747384707248937	GENIE3	NA	NA	NA	NA	NA	NA	NA	NA	NA	NA	5
5	9	union	687	143919	7843	732	0.484143763213531	0.0516796035898314	0.0805392731535756	0.138104332093678	0.180670648673395	GENIE3	NA	NA	NA	NA	NA	NA	NA	NA	NA	NA	5
5	9	inet	651	145335	6427	768	0.45877378435518	0.0423492046757423	0.0919751342187058	0.153230551959515	0.190030901430372	GENIE3	NA	NA	NA	NA	NA	NA	NA	NA	NA	NA	5
5	9	early	687	150064	1698	732	0.484143763213531	0.0111885715791832	0.288050314465409	0.361198738170347	0.36597684843525	GENIE3	NA	NA	NA	NA	NA	NA	NA	NA	NA	NA	5
5	9	vote	13	151762	0	1406	0.00916138125440451	0	1	0.0181564245810056	0.0952747851925154	GRNBoost2	NA	NA	NA	NA	NA	NA	NA	NA	NA	NA	5
5	9	union	688	141187	10575	731	0.484848484848485	0.0696814749410261	0.0610849684808666	0.108500236555748	0.152387649883347	GRNBoost2	NA	NA	NA	NA	NA	NA	NA	NA	NA	NA	5
5	9	inet	562	146993	4769	857	0.396053558844257	0.0314242036873526	0.105421121740762	0.166518518518519	0.190594051513635	GRNBoost2	NA	NA	NA	NA	NA	NA	NA	NA	NA	NA	5
5	9	early	712	148073	3689	707	0.501761804087385	0.0243077977359286	0.161781413315156	0.2446735395189	0.273814409258729	GRNBoost2	NA	NA	NA	NA	NA	NA	NA	NA	NA	NA	5
5	9	vote	324	151538	224	1095	0.228329809725159	0.00147599530844348	0.591240875912409	0.329435688866294	0.364002448531967	JRF	NA	NA	NA	NA	NA	NA	NA	NA	NA	NA	5
5	9	union	728	147511	4251	691	0.513037350246653	0.028010964536577	0.14621409921671	0.227571115973742	0.262023345915827	JRF	NA	NA	NA	NA	NA	NA	NA	NA	NA	NA	5
5	9	inet	539	150383	1379	880	0.37984496124031	0.0090865961176052	0.281021897810219	0.323044650884028	0.319428028212937	JRF	NA	NA	NA	NA	NA	NA	NA	NA	NA	NA	5
5	10	vote	10	151762	0	1409	0.00704721634954193	0	1	0.0139958012596221	0.0835606960708985	GENIE3	NA	NA	NA	NA	NA	NA	NA	NA	NA	NA	5
5	10	union	684	144026	7736	735	0.482029598308668	0.0509745522594589	0.0812351543942993	0.139038520174815	0.181185575087456	GENIE3	NA	NA	NA	NA	NA	NA	NA	NA	NA	NA	5
5	10	inet	637	145484	6278	782	0.448907681465821	0.0413674042250366	0.092118582791034	0.152867770578354	0.188050923415843	GENIE3	NA	NA	NA	NA	NA	NA	NA	NA	NA	NA	5
5	10	early	691	150033	1729	728	0.486962649753347	0.0113928387870481	0.285537190082645	0.359989580619953	0.365371618140497	GENIE3	NA	NA	NA	NA	NA	NA	NA	NA	NA	NA	5
5	10	vote	12	151762	0	1407	0.00845665961945032	0	1	0.0167714884696017	0.0915367539311983	GRNBoost2	NA	NA	NA	NA	NA	NA	NA	NA	NA	NA	5
5	10	union	710	141046	10716	709	0.500352360817477	0.0706105612735731	0.0621389812707859	0.110548851693266	0.15669820206254	GRNBoost2	NA	NA	NA	NA	NA	NA	NA	NA	NA	NA	5
5	10	inet	605	146659	5103	814	0.426356589147287	0.0336250181204781	0.105991590749825	0.169776904728497	0.198641640622033	GRNBoost2	NA	NA	NA	NA	NA	NA	NA	NA	NA	NA	5
5	10	early	724	147892	3870	695	0.510218463706836	0.0255004546592691	0.157596865476709	0.240811574921004	0.272255067116292	GRNBoost2	NA	NA	NA	NA	NA	NA	NA	NA	NA	NA	5
5	10	vote	328	151545	217	1091	0.231148696264975	0.00142987045505463	0.601834862385321	0.334012219959267	0.369609024720496	JRF	NA	NA	NA	NA	NA	NA	NA	NA	NA	NA	5
5	10	union	726	147394	4368	693	0.511627906976744	0.0287819085146479	0.142520612485277	0.222938737908798	0.257984383116333	JRF	NA	NA	NA	NA	NA	NA	NA	NA	NA	NA	5
5	10	inet	541	150362	1400	878	0.381254404510218	0.00922497067777177	0.278722308088614	0.32202380952381	0.318642659087674	JRF	NA	NA	NA	NA	NA	NA	NA	NA	NA	NA	5
